,Fecha,Tipo Generacion,0,1,2,3,4,5,6,7,8,9,10,11,12,13,14,15,16,17,18,19,20,21,22,23,Total,Month
0,1995-07-31,HIDRAULICA,30,27,27,27,30,37,45,47,50,52,53,54,52,47,43,42,43,45,57,63,59,51,40,32,1051,7
1,1995-07-31,TERMICA,9,9,8,8,9,9,9,9,9,9,9,10,9,9,9,10,10,11,12,12,11,10,10,9,229,7
2,1995-08-31,HIDRAULICA,76,72,71,72,80,101,120,125,133,136,140,141,134,121,114,113,117,121,153,164,151,134,107,85,2781,8
3,1995-08-31,TERMICA,21,21,21,21,21,22,23,24,24,24,24,24,24,24,24,24,24,26,28,29,28,26,24,23,575,8
4,1995-09-30,HIDRAULICA,74,70,69,70,77,97,117,120,127,128,131,132,123,113,109,108,111,119,153,156,143,124,99,81,2651,9
5,1995-09-30,TERMICA,24,23,23,23,24,26,28,29,29,29,29,30,29,29,28,28,28,30,32,33,32,30,28,26,671,9
6,1995-10-31,HIDRAULICA,76,72,71,72,82,104,124,126,133,136,139,140,131,120,115,116,120,133,167,164,147,128,103,84,2804,10
7,1995-10-31,TERMICA,24,23,23,23,24,24,26,26,26,26,26,27,26,26,26,26,26,29,32,32,31,29,27,25,635,10
8,1995-11-30,HIDRAULICA,74,71,70,70,77,97,115,121,127,130,134,135,127,117,112,113,117,133,164,159,145,126,101,82,2719,11
9,1995-11-30,TERMICA,24,23,23,24,25,26,27,27,27,27,27,27,27,27,27,27,27,31,32,32,31,30,28,26,654,11
10,1995-12-31,HIDRAULICA,70,66,64,64,70,84,99,109,117,120,122,125,118,107,102,102,104,119,158,158,146,126,101,81,2530,12
11,1995-12-31,TERMICA,34,33,33,33,33,34,35,35,35,34,35,35,35,35,35,35,35,36,38,39,38,38,37,36,848,12
12,1996-01-31,HIDRAULICA,68,64,63,63,68,80,96,106,116,120,123,125,117,106,101,99,102,108,145,153,139,119,94,74,2449,1
13,1996-01-31,TERMICA,32,31,30,30,32,34,35,36,36,36,36,36,36,36,36,36,36,37,41,41,40,38,36,35,853,1
14,1996-02-29,HIDRAULICA,77,72,72,72,80,102,122,124,129,130,135,137,127,115,111,110,112,118,147,158,147,130,105,86,2717,2
15,1996-02-29,TERMICA,17,17,17,17,18,19,20,21,21,21,21,21,21,21,21,21,22,24,29,29,27,24,20,18,506,2
16,1996-03-31,HIDRAULICA,84,79,78,79,89,113,132,134,140,142,146,148,139,127,122,121,123,129,162,172,159,141,115,94,2968,3
17,1996-03-31,TERMICA,17,17,17,17,17,17,17,19,19,19,19,19,19,19,19,19,20,22,27,27,26,22,19,17,469,3
18,1996-04-30,HIDRAULICA,82,78,76,78,86,107,123,128,134,136,141,144,135,124,118,117,119,126,159,168,155,137,111,91,2874,4
19,1996-04-30,TERMICA,14,14,14,14,14,15,16,17,17,17,16,16,16,17,17,17,17,18,21,22,21,20,18,15,405,4
20,1996-05-31,HIDRAULICA,86,82,81,82,90,114,129,134,140,143,148,151,141,129,123,122,124,131,165,175,162,141,115,95,3004,5
21,1996-05-31,TERMICA,14,14,14,14,14,15,16,17,17,17,17,17,17,17,17,17,18,19,23,23,22,21,18,16,412,5
22,1996-06-30,HIDRAULICA,83,81,79,80,87,104,118,127,135,138,141,144,136,124,118,117,119,125,157,170,156,137,111,94,2882,6
23,1996-06-30,TERMICA,13,12,12,12,12,13,14,15,15,16,16,16,16,16,15,16,16,17,20,20,19,18,16,14,369,6
24,1996-07-31,HIDRAULICA,87,84,82,83,91,109,125,135,143,146,150,154,145,132,126,124,126,130,162,179,164,143,116,96,3031,7
25,1996-07-31,TERMICA,13,13,12,12,13,13,14,15,15,15,15,16,16,16,16,16,16,17,19,20,20,18,16,14,371,7
26,1996-08-31,HIDRAULICA,84,81,79,80,89,109,125,131,137,141,145,148,138,127,120,118,119,125,157,172,159,140,111,92,2927,8
27,1996-08-31,TERMICA,18,17,17,17,17,18,19,20,21,20,20,20,21,20,21,22,22,23,25,26,26,24,23,20,498,8
28,1996-09-30,HIDRAULICA,76,73,72,72,81,102,119,123,128,130,135,137,128,117,112,110,113,121,157,162,148,129,101,84,2731,9
29,1996-09-30,TERMICA,22,21,21,21,22,23,23,24,24,24,24,25,25,25,25,25,25,27,29,30,29,28,26,23,589,9
30,1996-10-31,HIDRAULICA,78,75,73,74,83,108,124,128,132,134,139,142,133,121,117,116,118,132,167,165,151,130,103,86,2831,10
31,1996-10-31,TERMICA,20,20,20,20,20,21,22,22,23,23,23,24,23,23,23,23,24,27,30,30,29,28,25,22,565,10
32,1996-11-30,HIDRAULICA,75,72,71,72,79,99,113,121,127,129,133,136,129,118,113,111,113,128,161,159,144,126,101,83,2711,11
33,1996-11-30,TERMICA,23,22,22,22,23,23,25,25,26,26,26,27,25,25,25,25,26,30,33,33,33,31,28,25,629,11
34,1996-12-31,HIDRAULICA,83,78,75,76,82,96,110,122,130,133,136,139,133,121,115,112,113,125,166,170,159,140,113,93,2820,12
35,1996-12-31,TERMICA,24,24,23,23,24,24,26,26,26,26,25,26,25,25,26,26,26,30,32,32,31,30,29,27,637,12
36,1997-01-31,HIDRAULICA,84,79,78,79,85,100,115,127,137,140,144,147,139,128,121,119,120,125,164,172,159,138,111,94,2907,1
37,1997-01-31,TERMICA,19,19,18,18,18,19,20,19,19,18,18,19,19,19,20,20,21,23,26,27,25,24,22,19,488,1
38,1997-02-28,HIDRAULICA,75,70,69,71,79,100,115,121,126,128,132,135,125,114,110,108,109,112,145,157,146,126,100,83,2656,2
39,1997-02-28,TERMICA,20,20,20,20,20,21,21,20,20,20,20,21,21,20,21,21,22,23,26,27,26,25,23,20,517,2
40,1997-03-31,HIDRAULICA,81,77,76,77,85,105,120,127,135,138,141,143,134,124,118,115,117,121,156,170,158,137,111,91,2859,3
41,1997-03-31,TERMICA,22,22,22,21,22,23,24,22,21,20,21,22,22,23,22,23,23,25,31,31,30,29,26,23,570,3
42,1997-04-30,HIDRAULICA,75,73,71,72,82,105,122,125,130,133,137,140,130,120,116,116,117,123,157,165,152,132,104,85,2781,4
43,1997-04-30,TERMICA,25,25,24,25,25,27,27,26,26,26,27,27,26,27,27,27,27,30,35,35,34,33,29,27,666,4
44,1997-05-31,HIDRAULICA,76,73,71,72,79,100,114,120,126,129,134,135,127,116,113,111,112,118,154,162,151,128,103,84,2707,5
45,1997-05-31,TERMICA,30,29,29,30,32,33,34,34,34,34,33,35,34,34,34,34,35,36,39,40,38,39,36,33,818,5
46,1997-06-30,HIDRAULICA,75,72,71,71,77,92,104,112,120,122,126,130,122,114,108,106,106,112,141,154,143,126,100,83,2588,6
47,1997-06-30,TERMICA,27,26,26,26,27,29,31,32,32,31,31,32,31,31,31,31,32,34,39,39,37,34,33,29,749,6
48,1997-07-31,HIDRAULICA,74,71,70,70,76,91,106,116,123,124,129,132,125,115,110,108,109,111,140,159,148,129,102,82,2619,7
49,1997-07-31,TERMICA,35,34,33,33,35,39,40,40,40,40,41,41,41,40,40,40,40,42,46,47,45,44,42,38,958,7
50,1997-08-31,HIDRAULICA,75,72,70,70,77,94,105,111,117,120,124,127,119,110,106,104,104,107,141,156,145,126,101,82,2563,8
51,1997-08-31,TERMICA,36,35,34,35,36,39,43,44,45,44,44,46,45,44,43,43,44,45,49,50,49,48,44,40,1024,8
52,1997-09-30,HIDRAULICA,55,52,51,51,58,80,95,98,104,107,113,116,107,97,93,92,94,104,143,147,134,111,84,63,2250,9
53,1997-09-30,TERMICA,51,51,50,51,53,54,55,54,54,54,54,53,54,54,54,54,54,54,55,55,55,54,54,54,1284,9
54,1997-10-31,HIDRAULICA,50,46,44,45,55,77,93,97,104,105,110,114,105,96,92,91,93,110,148,146,131,110,82,60,2206,10
55,1997-10-31,TERMICA,58,58,58,58,58,59,59,58,58,58,58,58,58,58,58,58,58,59,61,61,61,61,60,59,1410,10
56,1997-11-30,HIDRAULICA,46,42,40,41,48,66,82,89,95,98,103,105,98,89,84,83,86,105,140,136,123,102,76,55,2032,11
57,1997-11-30,TERMICA,60,59,59,60,60,60,60,59,59,58,58,58,58,58,59,59,59,60,62,63,63,62,61,61,1435,11
58,1997-12-31,HIDRAULICA,52,46,44,44,51,64,78,89,97,99,102,105,99,91,86,83,83,97,143,147,136,117,90,66,2107,12
59,1997-12-31,TERMICA,63,62,62,62,62,62,62,61,61,61,61,61,61,61,60,61,61,62,63,63,64,64,64,63,1487,12
60,1998-01-31,COGENERADOR,0,0,0,0,0,0,0,0,0,0,0,0,0,0,0,0,0,0,0,0,0,0,0,0,1,1
61,1998-01-31,HIDRAULICA,39,34,32,32,39,52,66,77,86,90,93,97,92,82,77,73,73,79,120,132,120,99,72,49,1804,1
62,1998-01-31,TERMICA,75,75,75,75,75,74,73,72,71,71,71,71,71,71,72,72,73,74,75,76,76,76,76,75,1764,1
63,1998-02-28,COGENERADOR,0,0,0,0,0,0,0,0,0,0,0,0,0,0,0,0,0,0,0,0,0,0,0,0,1,2
64,1998-02-28,HIDRAULICA,36,32,31,32,39,60,74,75,81,82,87,90,83,75,72,71,71,74,108,122,111,92,67,46,1711,2
65,1998-02-28,TERMICA,68,68,68,68,68,69,69,69,69,69,68,68,68,68,68,67,68,68,69,70,70,70,68,67,1643,2
66,1998-03-31,COGENERADOR,0,0,0,0,0,0,0,0,0,0,0,0,0,0,0,0,0,0,0,0,0,0,0,0,1,3
67,1998-03-31,HIDRAULICA,39,36,34,35,44,67,80,83,89,91,97,100,91,83,78,76,77,83,118,132,119,98,71,51,1871,3
68,1998-03-31,TERMICA,74,74,74,73,74,74,75,74,74,74,74,74,74,74,75,75,75,76,79,81,80,80,77,74,1808,3
69,1998-04-30,COGENERADOR,0,0,0,0,0,0,0,0,0,0,0,0,0,0,0,0,0,0,0,0,0,0,0,0,1,4
70,1998-04-30,HIDRAULICA,43,39,37,37,44,63,77,82,88,91,95,99,92,83,79,77,78,84,117,126,115,96,70,51,1862,4
71,1998-04-30,TERMICA,66,65,66,66,67,68,67,66,67,67,67,67,66,66,66,67,67,69,74,75,75,74,72,68,1637,4
72,1998-05-31,COGENERADOR,0,0,0,0,0,0,0,0,0,0,0,0,0,0,0,0,0,0,0,0,0,0,0,0,1,5
73,1998-05-31,HIDRAULICA,71,67,65,66,74,93,105,110,118,121,126,130,121,113,108,107,109,115,149,160,148,129,102,81,2588,5
74,1998-05-31,TERMICA,42,41,41,41,42,43,43,44,43,43,43,44,44,43,43,43,43,44,48,49,49,46,44,43,1050,5
75,1998-06-30,COGENERADOR,0,0,0,0,0,0,0,0,0,0,0,0,0,0,0,0,0,0,0,0,0,0,0,0,1,6
76,1998-06-30,HIDRAULICA,81,77,75,76,83,99,111,119,128,130,135,139,131,121,117,116,116,118,150,166,155,136,110,90,2779,6
77,1998-06-30,TERMICA,26,25,25,25,25,26,27,27,27,27,27,27,27,27,27,27,28,30,34,33,33,31,28,27,666,6
78,1998-07-31,COGENERADOR,0,0,0,0,0,0,0,0,0,0,0,0,0,0,0,0,0,0,0,0,0,0,0,0,1,7
79,1998-07-31,HIDRAULICA,87,84,82,82,90,107,120,129,137,139,143,147,140,130,126,124,124,127,159,177,166,146,118,98,2980,7
80,1998-07-31,TERMICA,24,24,24,24,24,25,25,24,25,26,27,27,27,27,28,27,28,29,32,33,31,30,27,24,641,7
81,1998-08-31,COGENERADOR,0,0,0,0,0,0,0,0,0,0,0,0,0,0,0,0,0,0,0,0,0,0,0,0,1,8
82,1998-08-31,HIDRAULICA,86,83,82,81,89,108,119,127,135,138,143,146,139,130,125,123,123,127,161,176,164,144,117,96,2962,8
83,1998-08-31,TERMICA,25,24,24,24,24,25,25,24,24,24,24,24,24,25,25,25,26,27,31,32,32,30,28,25,619,8
84,1998-09-30,COGENERADOR,0,0,0,0,0,0,0,0,0,0,0,0,0,0,0,0,0,0,0,0,0,0,0,0,1,9
85,1998-09-30,HIDRAULICA,71,67,66,67,75,96,110,114,120,122,127,131,123,115,111,110,111,120,158,163,148,129,101,81,2636,9
86,1998-09-30,TERMICA,34,34,34,34,34,35,35,36,36,37,36,36,36,36,37,37,37,38,40,40,40,38,36,35,872,9
87,1998-10-31,COGENERADOR,0,0,0,0,0,0,0,0,0,0,0,0,0,0,0,0,0,0,0,0,0,0,0,0,4,10
88,1998-10-31,HIDRAULICA,77,74,72,73,81,100,114,120,128,130,134,137,130,121,117,116,118,133,168,166,153,133,107,87,2790,10
89,1998-10-31,TERMICA,32,31,31,31,32,32,31,32,31,32,33,33,33,33,34,34,35,36,39,39,37,36,34,32,801,10
90,1998-11-30,COGENERADOR,0,0,0,0,0,0,0,0,0,0,0,0,0,0,0,0,0,0,0,0,0,0,0,0,9,11
91,1998-11-30,HIDRAULICA,80,76,75,76,83,102,115,121,128,130,135,137,130,122,118,117,119,136,168,165,152,133,108,89,2814,11
92,1998-11-30,TERMICA,24,23,23,23,23,23,23,24,24,24,24,24,25,25,25,25,26,29,33,33,32,30,28,26,619,11
93,1998-12-31,COGENERADOR,0,0,0,0,0,0,0,0,0,0,0,0,0,0,0,0,0,0,0,0,0,0,0,0,9,12
94,1998-12-31,HIDRAULICA,87,82,80,80,86,99,110,120,129,131,134,137,132,123,118,116,117,130,171,174,163,144,119,98,2879,12
95,1998-12-31,TERMICA,22,22,22,22,22,22,22,23,23,23,23,23,24,24,24,25,25,27,31,31,30,29,27,25,589,12
96,1999-01-31,COGENERADOR,0,0,0,0,0,0,0,0,0,0,0,0,0,0,0,0,0,0,0,0,0,0,0,0,9,1
97,1999-01-31,HIDRAULICA,84,79,76,77,82,94,106,114,123,127,130,134,129,121,115,113,113,118,157,168,155,136,110,91,2751,1
98,1999-01-31,TERMICA,22,22,22,22,22,23,23,24,24,25,25,25,25,25,25,25,25,27,30,30,30,29,26,25,602,1
99,1999-02-28,COGENERADOR,0,0,0,0,0,0,0,0,0,0,0,0,0,0,0,0,0,0,0,0,0,0,0,0,9,2
100,1999-02-28,HIDRAULICA,74,70,69,70,77,96,112,113,118,121,124,127,119,111,108,107,109,113,146,159,146,126,101,82,2598,2
101,1999-02-28,TERMICA,20,20,20,20,20,20,20,21,22,22,22,23,23,23,23,23,23,24,25,26,26,24,23,21,530,2
102,1999-03-31,COGENERADOR,0,0,0,0,0,0,0,0,0,0,0,0,0,0,0,0,0,0,0,0,0,0,0,0,8,3
103,1999-03-31,HIDRAULICA,84,80,78,80,88,109,123,126,132,135,139,143,135,126,123,121,123,128,163,175,161,141,113,93,2920,3
104,1999-03-31,TERMICA,20,20,20,20,20,21,21,21,21,22,22,22,22,22,23,23,23,24,28,29,29,28,25,23,550,3
105,1999-04-30,COGENERADOR,0,0,0,0,0,0,0,0,0,0,0,0,0,0,0,0,0,0,0,0,0,0,0,0,8,4
106,1999-04-30,HIDRAULICA,79,75,74,75,82,100,112,117,123,126,130,134,127,118,115,112,114,119,154,163,150,132,107,88,2727,4
107,1999-04-30,TERMICA,22,22,21,21,21,22,22,22,23,23,24,24,24,24,24,24,24,26,31,32,31,29,25,23,584,4
108,1999-05-31,COGENERADOR,0,0,0,0,0,0,0,0,0,0,0,0,0,0,0,0,0,0,0,0,0,0,0,0,9,5
109,1999-05-31,HIDRAULICA,80,76,75,75,83,102,113,119,126,129,134,137,130,122,118,116,117,122,158,169,156,137,111,89,2793,5
110,1999-05-31,TERMICA,25,24,24,24,24,24,24,24,25,25,25,25,25,25,25,25,26,27,31,32,32,30,27,26,626,5
111,1999-06-30,COGENERADOR,0,0,0,0,0,0,0,0,0,0,0,0,0,0,0,0,0,0,0,0,0,0,0,0,9,6
112,1999-06-30,HIDRAULICA,81,78,76,77,83,99,112,119,126,129,134,138,130,122,117,115,116,121,152,166,154,134,109,90,2779,6
113,1999-06-30,TERMICA,19,19,19,19,19,19,19,20,20,20,20,20,20,20,21,22,22,23,26,27,27,25,23,21,512,6
114,1999-07-31,COGENERADOR,0,0,0,0,0,0,0,0,0,0,0,0,0,0,0,0,0,0,0,0,0,0,0,0,10,7
115,1999-07-31,HIDRAULICA,80,76,74,74,81,96,108,117,125,129,133,138,131,122,118,115,115,117,146,165,154,135,110,90,2747,7
116,1999-07-31,TERMICA,26,26,26,26,26,26,26,26,27,26,26,26,26,26,26,26,27,28,32,34,34,30,28,27,656,7
117,1999-08-31,COGENERADOR,0,0,0,0,0,0,0,0,0,0,0,0,0,0,0,0,0,0,0,0,0,0,0,0,10,8
118,1999-08-31,HIDRAULICA,81,77,76,78,84,101,114,120,128,130,134,138,132,124,119,117,117,122,154,168,155,136,111,90,2807,8
119,1999-08-31,TERMICA,24,24,23,22,23,24,23,24,24,25,25,25,24,24,25,26,26,27,32,33,33,30,27,26,619,8
120,1999-09-30,COGENERADOR,0,0,0,0,0,0,0,0,0,0,0,0,0,0,0,0,0,0,0,0,0,0,0,0,10,9
121,1999-09-30,HIDRAULICA,69,66,65,65,73,92,106,110,116,118,122,126,119,111,107,106,108,116,148,151,136,119,95,78,2521,9
122,1999-09-30,TERMICA,31,31,30,30,30,31,31,31,32,32,33,33,32,32,33,34,34,36,42,44,43,40,36,33,816,9
123,1999-10-31,COGENERADOR,0,0,0,0,0,0,0,0,0,0,0,0,0,0,0,0,0,0,0,0,0,0,0,0,10,10
124,1999-10-31,HIDRAULICA,81,77,75,76,83,102,115,120,127,130,134,137,130,122,119,117,119,134,168,165,151,133,109,90,2813,10
125,1999-10-31,TERMICA,23,23,22,22,22,23,24,24,25,25,25,25,25,25,25,25,26,28,34,35,34,30,27,24,623,10
126,1999-11-30,COGENERADOR,0,0,0,0,0,0,0,0,0,0,0,0,0,0,0,0,0,0,0,0,0,0,0,0,9,11
127,1999-11-30,HIDRAULICA,76,73,72,73,79,94,107,113,120,122,126,129,123,115,112,112,114,129,160,156,143,126,103,85,2663,11
128,1999-11-30,TERMICA,26,25,24,24,24,26,27,27,28,29,29,29,29,28,28,28,29,33,39,40,39,35,30,27,702,11
129,1999-12-31,COGENERADOR,0,0,0,0,0,0,0,0,0,0,0,0,0,0,0,0,0,0,0,0,0,0,0,0,9,12
130,1999-12-31,HIDRAULICA,75,71,68,68,73,83,95,105,113,115,117,121,117,110,105,103,104,113,149,152,142,128,106,86,2519,12
131,1999-12-31,TERMICA,35,34,34,34,34,36,36,35,37,38,38,38,37,36,37,37,38,44,54,54,53,48,42,38,946,12
132,2000-01-31,COGENERADOR,0,0,0,0,0,0,0,0,0,0,0,0,0,0,0,0,0,0,0,0,0,0,0,0,9,1
133,2000-01-31,HIDRAULICA,69,65,63,63,68,80,91,99,108,112,115,118,114,106,101,100,100,105,135,144,133,117,95,77,2378,1
134,2000-01-31,TERMICA,35,35,34,34,34,35,36,36,37,37,38,38,38,37,38,38,39,41,51,53,51,47,41,38,941,1
135,2000-02-29,COGENERADOR,0,0,0,0,0,0,0,0,0,0,0,0,0,0,0,0,0,0,0,0,0,0,0,0,9,2
136,2000-02-29,HIDRAULICA,62,59,58,59,65,84,98,101,106,107,111,114,107,101,97,96,97,99,122,134,124,109,87,70,2267,2
137,2000-02-29,TERMICA,36,35,35,35,35,38,38,37,38,39,39,40,39,39,39,40,40,43,54,57,54,49,43,38,982,2
138,2000-03-31,COGENERADOR,0,0,0,0,0,0,0,0,0,0,0,0,0,0,0,0,0,0,0,0,0,0,0,0,9,3
139,2000-03-31,HIDRAULICA,70,66,65,66,73,92,107,110,115,117,120,122,116,109,107,106,107,111,137,148,136,120,96,78,2493,3
140,2000-03-31,TERMICA,36,35,34,34,35,37,38,37,38,38,38,39,39,39,39,39,39,42,52,56,54,50,44,39,970,3
141,2000-04-30,COGENERADOR,0,0,0,0,0,0,0,0,0,0,0,0,0,0,0,0,0,0,0,0,0,0,0,0,8,4
142,2000-04-30,HIDRAULICA,67,64,63,63,69,85,97,103,110,113,116,119,113,106,103,101,102,106,132,141,130,114,92,75,2383,4
143,2000-04-30,TERMICA,35,34,33,33,33,35,35,33,34,35,35,35,35,34,35,35,36,38,48,51,49,47,42,37,898,4
144,2000-05-31,COGENERADOR,0,0,0,0,0,0,0,0,0,0,0,0,0,0,0,0,0,0,0,0,0,0,0,0,10,5
145,2000-05-31,HIDRAULICA,78,75,74,75,81,98,111,116,124,127,131,135,128,120,117,116,117,121,151,159,147,130,104,86,2720,5
146,2000-05-31,TERMICA,28,26,26,26,27,30,30,30,29,29,29,29,29,29,30,30,31,34,42,44,43,40,36,31,758,5
147,2000-06-30,COGENERADOR,0,0,0,0,0,0,0,0,0,0,0,0,0,0,0,0,0,0,0,0,0,0,0,0,9,6
148,2000-06-30,HIDRAULICA,77,74,73,72,77,91,103,112,121,125,130,133,127,119,116,113,112,115,141,156,146,129,104,86,2652,6
149,2000-06-30,TERMICA,27,26,25,26,27,28,28,28,27,26,26,27,27,27,27,28,29,32,38,39,37,35,32,29,702,6
150,2000-07-31,COGENERADOR,0,0,0,0,0,0,0,0,0,0,0,0,0,0,0,0,0,0,0,0,0,0,0,0,10,7
151,2000-07-31,HIDRAULICA,84,81,79,79,84,98,109,118,127,132,137,140,135,127,123,120,119,122,151,170,159,140,113,93,2838,7
152,2000-07-31,TERMICA,24,24,23,23,24,24,25,25,24,23,23,23,23,23,23,24,25,27,31,31,30,29,28,27,605,7
153,2000-08-31,COGENERADOR,0,0,0,0,0,0,0,0,0,0,0,0,0,0,0,0,0,0,0,0,0,0,0,0,11,8
154,2000-08-31,HIDRAULICA,77,74,72,73,79,95,107,113,119,123,127,130,125,118,115,113,112,114,142,156,145,127,104,86,2647,8
155,2000-08-31,TERMICA,32,30,30,30,30,32,32,32,33,33,34,34,34,33,33,34,34,37,44,47,46,43,39,34,839,8
156,2000-09-30,COGENERADOR,0,0,0,0,0,0,0,0,0,0,0,0,0,0,0,0,0,0,0,0,0,0,0,0,9,9
157,2000-09-30,HIDRAULICA,72,69,67,68,75,93,104,108,114,116,120,123,117,111,108,107,108,114,145,149,137,120,97,80,2521,9
158,2000-09-30,TERMICA,34,33,33,33,33,34,34,35,36,37,37,38,38,37,37,38,38,41,48,49,47,45,40,36,911,9
159,2000-10-31,COGENERADOR,0,0,0,0,0,0,0,0,0,0,0,0,0,0,0,0,0,0,0,0,0,0,0,0,9,10
160,2000-10-31,HIDRAULICA,73,71,69,69,76,93,105,110,117,119,123,126,120,114,110,110,111,123,155,154,140,124,101,82,2595,10
161,2000-10-31,TERMICA,36,35,35,35,35,36,37,36,37,37,38,38,38,38,38,38,39,43,50,50,49,46,42,39,947,10
162,2000-11-30,COGENERADOR,0,0,0,0,0,0,0,0,0,0,0,0,0,0,0,0,0,0,0,0,0,0,0,0,9,11
163,2000-11-30,HIDRAULICA,76,73,71,72,78,93,105,112,119,121,125,128,122,115,112,111,112,126,160,158,145,128,105,85,2650,11
164,2000-11-30,TERMICA,33,31,31,31,32,33,32,32,33,33,33,34,34,34,34,35,36,40,45,44,43,41,38,35,845,11
165,2000-12-31,COGENERADOR,0,0,0,0,0,0,0,0,0,0,0,0,0,0,0,0,0,0,0,0,0,0,0,0,7,12
166,2000-12-31,HIDRAULICA,92,86,84,84,89,100,110,119,128,130,133,136,132,125,121,119,120,131,171,175,164,149,125,104,2928,12
167,2000-12-31,TERMICA,27,27,26,26,26,27,25,25,26,26,27,27,27,27,28,28,28,32,39,38,38,35,32,29,697,12
168,2001-01-31,COGENERADOR,0,0,0,0,0,0,0,0,0,0,0,0,0,0,0,0,0,0,0,0,0,0,0,0,8,1
169,2001-01-31,HIDRAULICA,76,72,70,71,75,86,97,106,115,119,123,126,120,113,110,108,108,112,147,159,146,128,102,83,2573,1
170,2001-01-31,TERMICA,36,35,35,34,35,36,36,35,35,36,36,37,37,37,37,37,37,40,47,47,47,44,42,39,917,1
171,2001-02-28,COGENERADOR,0,0,0,0,0,0,0,0,0,0,0,0,0,0,0,0,0,0,0,0,0,0,0,0,8,2
172,2001-02-28,HIDRAULICA,65,63,61,61,67,83,96,98,103,106,109,112,105,99,98,98,98,99,128,143,132,117,92,73,2309,2
173,2001-02-28,TERMICA,37,36,36,36,38,40,40,39,40,40,41,41,41,41,40,40,40,42,47,48,47,44,42,39,976,2
174,2001-03-31,COGENERADOR,0,0,0,0,0,0,0,0,0,0,0,0,0,0,0,0,0,0,0,0,0,0,0,0,9,3
175,2001-03-31,HIDRAULICA,74,70,68,68,75,92,104,106,111,115,120,123,116,108,108,107,107,110,138,152,140,124,101,82,2519,3
176,2001-03-31,TERMICA,40,40,39,40,41,44,45,46,47,47,47,47,47,46,46,46,47,50,57,59,57,53,48,43,1123,3
177,2001-04-30,COGENERADOR,0,0,0,0,0,0,0,0,0,0,0,0,0,0,0,0,0,0,0,0,0,0,0,0,4,4
178,2001-04-30,HIDRAULICA,68,64,63,63,69,84,95,100,108,112,115,118,111,105,102,100,100,105,134,144,133,116,94,76,2377,4
179,2001-04-30,TERMICA,42,41,41,41,42,44,43,43,44,44,44,45,44,44,45,45,46,47,55,58,56,54,50,46,1103,4
180,2001-05-31,COGENERADOR,0,0,0,0,0,0,0,0,0,0,0,0,0,0,0,0,0,0,0,0,0,0,0,0,9,5
181,2001-05-31,HIDRAULICA,76,72,71,71,77,93,104,110,117,121,124,128,122,115,112,111,111,117,147,156,144,127,105,85,2616,5
182,2001-05-31,TERMICA,39,38,38,37,38,40,40,40,41,41,42,42,41,41,42,42,43,44,51,54,53,50,46,41,1023,5
183,2001-06-30,COGENERADOR,0,0,0,0,0,0,0,0,0,0,0,0,0,0,0,0,0,0,0,0,0,0,0,0,9,6
184,2001-06-30,HIDRAULICA,78,75,73,73,79,92,102,109,117,121,124,128,122,115,111,109,109,113,140,152,141,125,104,86,2597,6
185,2001-06-30,TERMICA,32,30,30,30,30,31,31,32,33,33,34,34,33,33,34,35,35,36,43,48,46,44,39,34,839,6
186,2001-07-31,COGENERADOR,0,0,0,0,0,0,0,0,0,0,0,0,0,0,0,0,0,0,0,0,0,0,0,0,10,7
187,2001-07-31,HIDRAULICA,86,83,81,82,87,101,112,118,127,131,135,139,133,125,122,120,120,123,150,166,155,138,114,95,2844,7
188,2001-07-31,TERMICA,28,27,27,27,27,28,28,29,29,30,30,31,30,30,30,30,31,32,37,41,40,38,35,31,746,7
189,2001-08-31,COGENERADOR,0,0,0,0,0,0,0,0,0,0,0,0,0,0,0,0,0,0,0,0,0,0,0,0,10,8
190,2001-08-31,HIDRAULICA,90,87,85,85,91,107,118,123,131,136,140,143,136,130,126,124,123,126,157,172,161,144,118,99,2951,8
191,2001-08-31,TERMICA,29,28,27,27,28,29,29,29,30,30,31,31,31,31,31,32,33,34,38,40,39,38,36,33,765,8
192,2001-09-30,COGENERADOR,0,0,0,0,0,0,0,0,0,0,0,0,0,0,0,0,0,0,0,0,0,0,0,0,9,9
193,2001-09-30,HIDRAULICA,86,83,81,81,87,104,115,119,125,128,131,135,128,122,119,118,119,127,160,165,153,136,111,94,2826,9
194,2001-09-30,TERMICA,28,27,27,27,27,28,28,29,30,31,32,31,31,31,31,31,32,33,39,40,39,36,34,31,753,9
195,2001-10-31,COGENERADOR,0,0,0,0,0,0,0,0,0,0,0,0,0,0,0,0,0,0,0,0,0,0,0,0,9,10
196,2001-10-31,HIDRAULICA,90,87,85,86,93,110,121,125,132,136,140,143,136,130,128,127,128,140,176,174,161,143,119,99,3007,10
197,2001-10-31,TERMICA,28,26,26,26,26,27,27,27,28,29,29,30,29,29,29,30,31,33,38,38,37,34,32,30,718,10
198,2001-11-30,COGENERADOR,0,0,0,0,0,0,0,0,0,0,0,0,0,0,0,0,0,0,0,0,0,0,0,0,8,11
199,2001-11-30,HIDRAULICA,81,78,76,77,83,98,109,114,122,125,129,132,125,119,117,116,117,130,162,159,146,130,109,90,2742,11
200,2001-11-30,TERMICA,32,31,31,31,31,32,32,33,33,33,34,35,34,34,34,35,36,41,46,46,45,42,38,35,852,11
201,2001-12-31,COGENERADOR,0,0,0,0,0,0,0,0,0,0,0,0,0,0,0,0,0,0,0,0,0,0,0,0,7,12
202,2001-12-31,HIDRAULICA,98,93,90,90,95,105,114,123,132,136,140,143,138,132,128,126,126,137,178,182,171,157,132,111,3078,12
203,2001-12-31,TERMICA,28,26,26,26,26,26,26,26,27,27,27,27,26,26,27,27,28,32,37,37,36,34,32,29,690,12
204,2002-01-31,COGENERADOR,0,0,0,0,0,0,0,0,0,0,0,0,0,0,0,0,0,0,0,0,0,0,0,0,8,1
205,2002-01-31,HIDRAULICA,86,82,80,80,85,96,106,114,123,128,132,135,130,123,120,118,117,121,154,165,153,135,112,93,2791,1
206,2002-01-31,TERMICA,35,33,33,32,33,34,34,34,34,34,35,35,34,34,34,35,35,37,44,46,45,44,41,38,873,1
207,2002-02-28,COGENERADOR,0,0,0,0,0,0,0,0,0,0,0,0,0,0,0,0,0,0,0,0,0,0,0,0,9,2
208,2002-02-28,HIDRAULICA,70,67,65,66,72,89,101,101,108,111,115,118,112,106,104,102,102,101,128,143,133,119,96,77,2406,2
209,2002-02-28,TERMICA,42,41,41,40,41,42,43,43,43,43,43,44,43,43,44,44,45,48,52,53,52,49,47,45,1071,2
210,2002-03-31,COGENERADOR,0,0,0,0,0,0,0,0,0,0,0,0,0,0,0,0,0,0,0,0,0,0,0,0,8,3
211,2002-03-31,HIDRAULICA,82,80,79,80,86,102,111,115,123,127,130,133,127,120,118,116,116,119,150,164,153,136,113,91,2768,3
212,2002-03-31,TERMICA,35,34,34,33,34,35,36,36,36,36,37,37,37,37,37,38,38,41,46,47,46,43,40,37,912,3
213,2002-04-30,COGENERADOR,0,0,0,0,0,0,0,0,0,0,0,0,0,0,0,0,0,0,0,0,0,0,0,0,7,4
214,2002-04-30,HIDRAULICA,82,80,78,78,84,103,112,115,121,125,129,131,123,118,117,117,117,120,150,158,147,130,108,90,2732,4
215,2002-04-30,TERMICA,34,32,31,32,33,34,35,35,36,36,37,38,38,37,37,37,38,42,48,50,48,45,41,36,911,4
216,2002-05-31,COGENERADOR,0,0,0,0,0,0,0,0,0,0,0,0,0,0,0,0,0,0,0,0,0,0,0,0,10,5
217,2002-05-31,HIDRAULICA,94,90,88,88,95,113,122,128,135,139,143,146,139,134,132,130,130,134,165,175,165,147,123,104,3059,5
218,2002-05-31,TERMICA,28,27,27,27,27,27,27,27,27,28,28,28,28,28,28,29,29,32,37,40,37,35,33,31,714,5
219,2002-06-30,COGENERADOR,0,0,0,0,0,0,0,0,0,0,0,0,0,0,0,0,0,0,0,0,0,0,0,0,10,6
220,2002-06-30,HIDRAULICA,93,89,87,87,93,105,116,124,132,136,139,142,136,131,128,126,125,128,156,170,160,144,119,101,2968,6
221,2002-06-30,TERMICA,24,24,23,23,23,24,23,23,24,24,24,24,24,24,24,24,24,26,31,35,33,30,29,26,613,6
222,2002-07-31,COGENERADOR,0,0,0,0,0,0,0,0,0,0,0,0,0,0,0,0,0,0,0,0,0,0,0,0,10,7
223,2002-07-31,HIDRAULICA,98,94,92,93,98,111,122,131,140,143,147,150,144,138,136,134,134,134,161,179,169,153,127,107,3135,7
224,2002-07-31,TERMICA,24,23,23,23,23,24,23,22,24,24,25,25,25,25,25,25,25,27,31,34,32,30,29,26,617,7
225,2002-08-31,COGENERADOR,0,0,0,0,0,0,0,0,0,0,0,0,0,0,0,0,0,0,0,0,0,0,0,0,10,8
226,2002-08-31,HIDRAULICA,94,91,89,89,95,110,120,126,134,139,142,145,139,133,130,128,128,129,160,175,164,146,122,103,3032,8
227,2002-08-31,TERMICA,32,30,29,29,30,31,31,31,31,31,32,33,32,31,31,31,32,35,38,40,39,38,37,34,788,8
228,2002-09-30,COGENERADOR,0,0,0,0,0,0,0,0,0,0,0,0,0,0,0,0,0,0,0,0,0,0,0,0,9,9
229,2002-09-30,HIDRAULICA,91,88,86,86,92,109,118,123,130,134,138,142,135,129,127,126,126,130,166,172,160,143,119,100,2969,9
230,2002-09-30,TERMICA,30,29,29,29,29,30,30,30,31,31,32,32,31,32,32,33,33,36,39,40,39,36,35,32,780,9
231,2002-10-31,COGENERADOR,0,0,0,0,0,0,0,0,0,0,0,0,0,0,0,0,0,0,0,0,0,0,0,0,9,10
232,2002-10-31,HIDRAULICA,88,85,83,84,91,110,119,123,131,135,140,143,136,130,128,127,128,140,174,173,160,142,116,96,2981,10
233,2002-10-31,TERMICA,36,35,34,34,34,34,34,35,35,35,35,35,35,35,36,37,37,39,43,43,42,41,40,38,883,10
234,2002-11-30,COGENERADOR,0,0,0,0,0,0,0,0,0,0,0,0,0,0,0,0,0,0,0,0,0,0,0,0,8,11
235,2002-11-30,HIDRAULICA,91,88,85,85,92,107,116,123,130,134,138,142,135,130,128,126,127,141,174,172,161,143,119,101,2988,11
236,2002-11-30,TERMICA,30,29,28,28,29,29,29,29,29,29,30,30,30,30,30,30,31,34,38,38,36,35,33,31,745,11
237,2002-12-31,COGENERADOR,0,0,0,0,0,0,0,0,0,0,0,0,0,0,0,0,0,0,0,0,0,0,0,0,9,12
238,2002-12-31,HIDRAULICA,89,83,80,79,84,94,101,110,120,124,128,131,126,120,117,115,115,127,172,177,167,152,126,103,2840,12
239,2002-12-31,TERMICA,42,42,42,43,43,43,43,43,43,43,43,43,43,43,44,44,44,46,49,49,47,44,44,43,1050,12
240,2003-01-31,COGENERADOR,0,0,0,0,0,0,0,0,0,0,0,0,0,0,0,0,0,0,0,0,0,0,0,0,9,1
241,2003-01-31,HIDRAULICA,87,84,81,81,85,96,104,112,121,126,131,134,129,124,121,120,120,121,157,170,159,141,116,96,2816,1
242,2003-01-31,TERMICA,40,39,38,39,39,40,40,40,40,40,40,40,39,39,39,39,39,42,46,47,46,44,44,42,981,1
243,2003-02-28,COGENERADOR,0,0,0,0,0,0,0,0,0,0,0,0,0,0,0,0,0,0,0,0,0,0,0,0,8,2
244,2003-02-28,HIDRAULICA,81,77,75,75,82,100,109,110,117,121,125,128,122,117,116,115,115,116,141,156,146,132,108,89,2672,2
245,2003-02-28,TERMICA,34,33,33,33,34,35,35,34,35,34,34,34,34,34,34,34,34,37,42,43,42,39,38,36,855,2
246,2003-03-31,COGENERADOR,0,0,0,0,0,0,0,0,0,0,0,0,0,0,0,0,0,0,0,0,0,0,0,0,9,3
247,2003-03-31,HIDRAULICA,88,84,82,81,87,107,115,118,127,131,135,141,134,128,126,125,126,129,164,179,168,148,121,98,2941,3
248,2003-03-31,TERMICA,44,43,43,44,45,46,46,46,45,45,44,43,43,43,44,44,44,45,46,46,46,45,45,45,1071,3
249,2003-04-30,COGENERADOR,0,0,0,0,0,0,0,0,0,0,0,0,0,0,0,0,0,0,0,0,0,0,0,0,6,4
250,2003-04-30,HIDRAULICA,89,84,82,82,87,104,111,116,126,130,134,138,132,126,125,124,125,130,163,174,162,144,119,98,2902,4
251,2003-04-30,TERMICA,35,34,34,35,36,37,37,37,36,36,36,36,37,37,37,36,37,37,40,40,40,39,38,37,884,4
252,2003-05-31,COGENERADOR,0,0,0,0,0,0,0,0,0,0,0,0,0,0,0,0,0,0,0,0,0,0,0,0,9,5
253,2003-05-31,HIDRAULICA,94,90,89,89,96,113,120,126,134,139,143,146,139,133,132,131,131,135,165,176,165,149,124,104,3061,5
254,2003-05-31,TERMICA,31,30,29,29,30,31,31,31,32,33,33,34,33,33,34,33,34,36,41,42,41,38,36,33,809,5
255,2003-06-30,COGENERADOR,0,0,0,0,0,0,0,0,0,0,0,0,0,0,0,0,0,0,0,0,0,0,0,0,9,6
256,2003-06-30,HIDRAULICA,97,93,91,91,97,110,118,125,134,139,143,146,140,134,132,130,129,131,160,175,165,151,128,108,3070,6
257,2003-06-30,TERMICA,24,24,23,23,23,24,24,24,25,25,25,26,25,25,26,26,27,29,33,34,32,29,26,25,626,6
258,2003-07-31,COGENERADOR,0,0,0,0,0,0,0,0,0,0,0,0,0,0,0,0,0,0,0,0,0,0,0,0,10,7
259,2003-07-31,HIDRAULICA,108,104,101,101,107,121,130,138,148,153,158,162,155,148,147,145,145,146,174,193,184,168,144,119,3399,7
260,2003-07-31,TERMICA,20,19,19,19,20,21,21,22,22,22,22,23,23,22,23,23,24,25,28,29,28,25,23,22,543,7
261,2003-08-31,COGENERADOR,0,0,0,0,0,0,0,0,0,0,0,0,0,0,0,0,0,0,0,0,0,0,0,0,9,8
262,2003-08-31,HIDRAULICA,105,101,99,99,105,120,126,133,142,146,150,154,148,143,141,140,139,140,169,183,174,159,137,116,3266,8
263,2003-08-31,TERMICA,27,26,26,26,26,27,28,27,28,28,29,29,28,28,28,28,29,31,36,38,36,33,31,29,700,8
264,2003-09-30,COGENERADOR,0,0,0,0,0,0,0,0,0,0,0,0,0,0,0,0,0,0,0,0,0,0,0,0,10,9
265,2003-09-30,HIDRAULICA,94,91,89,89,96,115,124,129,137,141,146,150,143,138,136,135,135,140,170,175,164,147,124,103,3111,9
266,2003-09-30,TERMICA,34,32,32,32,32,33,32,31,32,32,32,33,32,32,33,33,34,36,42,43,42,40,39,36,833,9
267,2003-10-31,COGENERADOR,0,0,0,0,0,0,0,0,0,0,0,0,0,0,0,0,0,0,0,0,0,0,0,0,10,10
268,2003-10-31,HIDRAULICA,102,98,96,97,104,122,131,136,144,148,153,156,150,144,143,143,144,156,186,184,172,155,133,113,3313,10
269,2003-10-31,TERMICA,30,29,29,28,29,30,29,28,29,30,30,30,30,29,30,30,31,33,39,39,38,36,34,31,750,10
270,2003-11-30,COGENERADOR,0,0,0,0,0,0,0,0,0,0,0,0,0,0,0,0,0,0,0,0,0,0,0,0,9,11
271,2003-11-30,HIDRAULICA,105,100,98,99,105,120,128,135,143,147,151,154,148,143,141,140,142,157,186,185,173,157,133,114,3303,11
272,2003-11-30,TERMICA,25,25,24,24,24,25,24,24,25,26,26,26,26,26,26,26,26,29,34,34,33,31,29,27,644,11
273,2003-12-31,COGENERADOR,0,0,0,0,0,0,0,0,0,0,0,0,0,0,0,0,0,0,0,0,0,0,0,0,10,12
274,2003-12-31,HIDRAULICA,108,103,100,100,104,115,122,132,141,146,150,153,148,142,140,138,137,148,191,197,188,172,145,121,3341,12
275,2003-12-31,TERMICA,29,29,28,28,28,29,28,28,29,29,29,29,29,29,29,30,31,33,38,38,36,35,33,31,735,12
276,2004-01-31,COGENERADOR,0,0,0,0,0,0,0,0,0,0,0,0,0,0,0,0,0,0,0,0,0,0,0,0,9,1
277,2004-01-31,EOLICA,0,0,0,0,0,0,0,0,0,0,0,0,0,0,0,0,0,0,0,0,0,0,0,0,0,1
278,2004-01-31,HIDRAULICA,104,100,98,97,103,114,122,130,139,145,150,154,148,141,139,137,137,140,174,184,174,157,132,112,3232,1
279,2004-01-31,TERMICA,29,29,28,28,28,28,28,28,29,29,29,29,29,29,30,30,30,32,37,38,37,35,33,31,735,1
280,2004-02-29,COGENERADOR,0,0,0,0,0,0,0,0,0,0,0,0,0,0,0,0,0,0,0,0,0,0,0,0,9,2
281,2004-02-29,EOLICA,0,0,0,0,0,0,0,0,0,0,0,0,0,0,0,0,0,0,0,0,0,0,0,0,2,2
282,2004-02-29,HIDRAULICA,96,92,90,91,98,116,124,126,132,136,140,144,137,132,131,130,130,133,161,175,165,147,121,103,3049,2
283,2004-02-29,TERMICA,33,32,32,32,32,33,33,33,34,34,35,35,35,34,35,35,35,35,39,41,40,38,37,35,836,2
284,2004-03-31,COGENERADOR,0,0,0,0,0,0,0,0,0,0,0,0,0,0,0,0,0,0,0,0,0,0,0,0,10,3
285,2004-03-31,EOLICA,0,0,0,0,0,0,0,0,0,0,0,0,0,0,0,0,0,0,0,0,0,0,0,0,4,3
286,2004-03-31,HIDRAULICA,97,94,92,93,100,120,127,129,136,141,146,150,142,137,136,135,134,136,167,183,172,154,128,107,3155,3
287,2004-03-31,TERMICA,39,38,38,37,38,39,40,40,41,42,42,42,42,41,42,42,42,44,48,49,48,46,44,41,1003,3
288,2004-04-30,COGENERADOR,0,0,0,0,0,0,0,0,0,0,0,0,0,0,0,0,0,0,0,0,0,0,0,0,6,4
289,2004-04-30,EOLICA,0,0,0,0,0,0,0,0,0,0,0,0,0,0,0,0,0,0,0,0,0,0,0,0,5,4
290,2004-04-30,HIDRAULICA,99,95,93,93,99,116,122,127,134,138,143,146,140,135,135,134,134,139,168,178,168,153,130,109,3127,4
291,2004-04-30,TERMICA,31,30,30,30,31,31,31,32,33,34,34,34,34,34,33,33,33,34,39,40,39,36,34,32,802,4
292,2004-05-31,COGENERADOR,0,0,0,0,0,0,0,0,0,0,0,0,0,0,0,0,0,0,0,0,0,0,0,0,10,5
293,2004-05-31,EOLICA,0,0,0,0,0,0,0,0,0,0,0,0,0,0,0,0,0,0,0,0,0,0,0,0,6,5
294,2004-05-31,HIDRAULICA,109,105,103,103,110,127,133,138,147,152,157,160,154,149,148,147,146,150,178,188,178,165,141,119,3406,5
295,2004-05-31,TERMICA,24,24,23,23,23,24,24,24,25,25,26,26,25,25,25,25,26,29,36,38,35,31,28,26,641,5
296,2004-06-30,COGENERADOR,0,0,0,0,0,0,0,0,0,0,0,0,0,0,0,0,0,0,0,0,0,0,0,0,11,6
297,2004-06-30,EOLICA,0,0,0,0,0,0,0,0,0,0,0,0,0,0,0,0,0,0,0,0,0,0,0,0,9,6
298,2004-06-30,HIDRAULICA,94,90,88,88,93,107,115,124,135,141,146,150,144,138,137,135,134,136,165,179,169,154,127,104,3092,6
299,2004-06-30,TERMICA,30,29,29,29,29,30,29,29,30,30,30,31,30,30,31,31,32,33,38,41,39,37,36,33,766,6
300,2004-07-31,COGENERADOR,0,0,0,0,0,0,0,0,0,0,0,0,0,0,0,0,0,0,0,0,0,0,0,0,11,7
301,2004-07-31,EOLICA,0,0,0,0,0,0,0,0,0,0,0,0,0,0,0,0,0,0,0,0,0,0,0,0,7,7
302,2004-07-31,HIDRAULICA,108,104,101,101,106,119,127,136,147,155,160,163,157,151,149,148,147,148,173,190,181,167,142,119,3398,7
303,2004-07-31,TERMICA,24,23,23,23,23,24,23,23,24,24,25,25,25,25,25,25,25,27,34,36,33,30,28,25,623,7
304,2004-08-31,COGENERADOR,0,1,0,0,0,1,0,0,0,0,0,0,0,0,0,0,0,0,0,0,0,0,0,1,12,8
305,2004-08-31,EOLICA,0,0,0,0,0,0,0,0,0,0,0,0,0,0,0,0,0,0,0,0,0,0,0,0,7,8
306,2004-08-31,HIDRAULICA,109,105,103,103,110,126,133,140,150,156,161,165,158,152,150,149,149,150,180,194,184,167,142,120,3458,8
307,2004-08-31,TERMICA,26,25,25,24,24,25,24,24,25,25,26,26,26,26,26,27,27,29,34,36,35,34,31,28,657,8
308,2004-09-30,COGENERADOR,0,0,0,0,0,0,0,0,0,0,0,0,0,0,0,0,0,0,0,0,0,0,0,0,10,9
309,2004-09-30,EOLICA,0,0,0,0,0,0,0,0,0,0,0,0,0,0,0,0,0,0,0,0,0,0,0,0,2,9
310,2004-09-30,HIDRAULICA,99,96,95,95,102,119,128,133,141,145,150,152,145,140,140,139,139,144,175,179,169,150,126,107,3205,9
311,2004-09-30,TERMICA,31,29,29,29,29,30,29,29,30,31,32,33,32,31,32,33,34,35,42,43,41,39,36,33,792,9
312,2004-10-31,COGENERADOR,0,0,0,0,0,0,0,0,0,0,0,0,0,0,0,0,0,0,0,0,0,0,0,0,10,10
313,2004-10-31,EOLICA,0,0,0,0,0,0,0,0,0,0,0,0,0,0,0,0,0,0,0,0,0,0,0,0,3,10
314,2004-10-31,HIDRAULICA,112,107,105,105,112,128,135,141,149,154,160,164,158,152,152,151,153,167,199,197,186,167,142,122,3518,10
315,2004-10-31,TERMICA,24,24,23,23,24,24,24,24,25,26,26,25,25,25,25,26,25,27,31,31,29,27,26,24,615,10
316,2004-11-30,COGENERADOR,0,0,0,0,0,0,0,0,0,0,0,0,0,0,0,0,0,0,0,0,0,0,0,0,10,11
317,2004-11-30,EOLICA,0,0,0,0,0,0,0,0,0,0,0,0,0,0,0,0,0,0,0,0,0,0,0,0,3,11
318,2004-11-30,HIDRAULICA,118,113,111,111,118,134,141,146,156,160,165,168,162,157,157,157,158,173,204,203,192,175,150,129,3658,11
319,2004-11-30,TERMICA,15,15,15,15,15,15,15,16,16,17,17,17,17,16,16,16,16,18,23,22,20,17,16,16,403,11
320,2004-12-31,COGENERADOR,0,1,1,1,1,0,0,0,0,0,0,0,0,0,0,0,0,0,0,0,0,0,0,0,11,12
321,2004-12-31,EOLICA,0,0,0,0,0,0,0,0,0,0,0,0,0,0,0,0,0,0,0,0,0,0,0,0,4,12
322,2004-12-31,HIDRAULICA,117,111,108,107,111,121,128,137,148,154,158,161,156,151,149,148,148,158,203,209,199,182,156,132,3551,12
323,2004-12-31,TERMICA,26,26,26,26,27,27,27,27,27,27,27,28,27,27,27,28,28,30,32,32,31,30,28,27,671,12
324,2005-01-31,COGENERADOR,0,0,0,0,0,0,0,0,0,0,0,0,0,0,0,0,0,0,0,0,0,0,0,0,11,1
325,2005-01-31,EOLICA,0,0,0,0,0,0,0,0,0,0,0,0,0,0,0,0,0,0,0,0,0,0,0,0,4,1
326,2005-01-31,HIDRAULICA,111,107,104,104,109,119,126,132,144,150,155,159,153,148,146,145,144,148,183,193,183,167,142,121,3394,1
327,2005-01-31,TERMICA,28,27,27,26,26,27,28,28,28,28,28,29,29,29,28,29,29,31,34,35,34,32,31,30,702,1
328,2005-02-28,COGENERADOR,0,0,0,0,0,0,0,0,0,0,0,0,0,0,0,0,0,0,0,0,0,0,0,0,10,2
329,2005-02-28,EOLICA,0,0,0,0,0,0,0,0,0,0,0,0,0,0,0,0,0,0,0,0,0,0,0,0,5,2
330,2005-02-28,HIDRAULICA,100,97,95,95,100,118,126,127,136,141,146,148,141,137,137,136,136,137,165,180,170,154,129,108,3157,2
331,2005-02-28,TERMICA,25,24,23,24,25,26,27,27,27,27,27,27,27,27,28,28,28,30,32,33,32,31,30,29,664,2
332,2005-03-31,COGENERADOR,0,0,0,0,0,0,0,0,0,0,0,0,0,0,0,0,0,0,0,0,0,0,0,0,11,3
333,2005-03-31,EOLICA,0,0,0,0,0,0,0,0,0,0,0,0,0,0,0,0,0,0,0,0,0,0,0,0,6,3
334,2005-03-31,HIDRAULICA,110,106,103,103,109,126,132,136,147,153,158,161,155,151,150,149,149,150,182,196,187,170,146,122,3452,3
335,2005-03-31,TERMICA,28,27,27,27,28,29,29,28,29,29,29,29,29,29,29,29,29,31,35,36,35,34,32,30,714,3
336,2005-04-30,COGENERADOR,0,0,0,0,0,0,0,0,0,0,0,0,0,0,0,0,0,0,0,0,0,0,0,0,10,4
337,2005-04-30,EOLICA,0,0,0,0,0,0,0,0,0,0,0,0,0,0,0,0,0,0,0,0,0,0,0,0,5,4
338,2005-04-30,HIDRAULICA,102,97,95,94,101,120,127,132,142,148,153,156,148,143,143,142,142,146,179,190,178,161,135,112,3285,4
339,2005-04-30,TERMICA,33,32,32,32,33,34,33,33,34,34,35,35,35,35,35,36,36,37,40,40,39,38,38,36,842,4
340,2005-05-31,COGENERADOR,0,0,0,0,0,0,0,0,0,0,0,0,0,0,0,0,0,0,0,0,0,0,0,0,5,5
341,2005-05-31,EOLICA,0,0,0,0,0,0,0,0,0,0,0,0,0,0,0,0,0,0,0,0,0,0,0,0,4,5
342,2005-05-31,HIDRAULICA,117,112,109,109,116,132,138,143,154,160,165,169,163,158,158,157,158,162,190,199,190,173,150,128,3612,5
343,2005-05-31,TERMICA,23,23,22,23,23,24,24,24,25,25,25,25,25,24,24,25,25,27,33,35,33,30,28,26,619,5
344,2005-06-30,COGENERADOR,0,0,0,0,0,0,0,0,0,0,0,0,0,0,0,0,0,0,0,0,0,0,0,0,10,6
345,2005-06-30,EOLICA,0,0,0,0,0,0,0,0,0,0,0,0,0,0,0,0,0,0,0,0,0,0,0,0,4,6
346,2005-06-30,HIDRAULICA,108,104,102,102,108,122,130,138,149,155,160,163,157,152,152,150,149,150,177,190,181,165,143,120,3429,6
347,2005-06-30,TERMICA,26,25,24,24,24,24,25,25,26,27,27,27,27,27,27,28,28,30,35,37,35,32,30,28,671,6
348,2005-07-31,COGENERADOR,0,0,0,0,0,0,0,0,0,0,0,0,0,0,0,0,0,0,0,0,0,0,0,0,10,7
349,2005-07-31,EOLICA,0,0,0,0,0,0,0,0,0,0,0,0,0,0,0,0,0,0,0,0,0,0,0,0,5,7
350,2005-07-31,HIDRAULICA,115,110,107,106,110,121,126,133,143,149,155,158,152,148,147,145,144,147,176,194,185,170,146,125,3409,7
351,2005-07-31,TERMICA,28,28,28,28,29,30,32,35,36,37,37,37,37,36,36,36,36,36,37,39,37,35,33,32,817,7
352,2005-08-31,COGENERADOR,1,0,0,0,0,0,0,0,0,0,0,0,0,0,0,0,0,0,0,0,0,0,0,0,10,8
353,2005-08-31,EOLICA,0,0,0,0,0,0,0,0,0,0,0,0,0,0,0,0,0,0,0,0,0,0,0,0,5,8
354,2005-08-31,HIDRAULICA,105,100,99,99,105,121,128,133,143,149,154,158,151,146,146,146,145,147,176,189,178,161,135,115,3328,8
355,2005-08-31,TERMICA,41,39,38,38,39,40,40,40,41,42,42,42,42,42,42,42,42,44,47,49,49,47,45,43,1014,8
356,2005-09-30,COGENERADOR,0,0,0,0,0,0,0,0,0,0,0,0,0,0,0,0,0,0,0,0,0,0,0,0,10,9
357,2005-09-30,EOLICA,0,0,0,0,0,0,0,0,0,0,0,0,0,0,0,0,0,0,0,0,0,0,0,0,4,9
358,2005-09-30,HIDRAULICA,98,94,92,92,98,115,121,126,136,141,146,149,143,139,139,139,138,143,174,177,167,150,126,106,3149,9
359,2005-09-30,TERMICA,44,42,42,41,42,43,43,44,44,45,45,45,45,45,45,45,46,48,52,54,52,51,49,47,1100,9
360,2005-10-31,COGENERADOR,0,0,0,0,0,0,0,0,0,0,0,0,0,0,0,0,0,0,0,0,0,0,0,0,9,10
361,2005-10-31,EOLICA,0,0,0,0,0,0,0,0,0,0,0,0,0,0,0,0,0,0,0,0,0,0,0,0,1,10
362,2005-10-31,HIDRAULICA,118,115,113,112,118,134,140,146,155,161,167,170,164,160,159,159,159,170,199,197,186,169,146,127,3644,10
363,2005-10-31,TERMICA,25,23,23,23,24,25,25,26,27,27,27,28,27,27,27,27,28,32,37,38,36,33,30,27,673,10
364,2005-11-30,COGENERADOR,0,0,0,0,0,0,0,0,0,0,0,0,0,0,0,0,0,0,0,0,0,0,0,0,10,11
365,2005-11-30,EOLICA,0,0,0,0,0,0,0,0,0,0,0,0,0,0,0,0,0,0,0,0,0,0,0,0,2,11
366,2005-11-30,HIDRAULICA,117,113,111,111,117,132,139,146,155,160,165,168,162,158,157,157,158,171,198,198,188,171,148,127,3626,11
367,2005-11-30,TERMICA,23,22,21,21,22,22,22,22,23,24,24,25,25,25,25,25,26,29,35,33,31,29,27,25,605,11
368,2005-12-31,COGENERADOR,0,0,0,0,0,0,0,0,0,0,0,0,0,0,0,0,0,0,0,0,0,0,0,0,8,12
369,2005-12-31,EOLICA,0,0,0,0,0,0,0,0,0,0,0,0,0,0,0,0,0,0,0,0,0,0,0,0,4,12
370,2005-12-31,HIDRAULICA,115,109,106,105,109,119,124,134,145,152,156,160,155,150,149,147,146,155,198,203,194,179,155,130,3494,12
371,2005-12-31,TERMICA,34,33,33,33,33,34,34,34,34,35,35,36,35,35,35,36,37,39,42,42,41,40,38,36,865,12
372,2006-01-31,COGENERADOR,0,0,0,0,0,0,0,0,0,0,0,0,0,0,0,0,0,0,0,0,0,0,0,0,8,1
373,2006-01-31,EOLICA,0,0,0,0,0,0,0,0,0,0,0,0,0,0,0,0,0,0,0,0,0,0,0,0,5,1
374,2006-01-31,HIDRAULICA,118,114,112,111,115,125,133,140,152,158,164,167,162,157,156,155,154,156,188,199,188,172,149,128,3575,1
375,2006-01-31,TERMICA,26,24,24,23,24,25,25,25,26,27,27,27,27,27,27,27,28,30,35,36,35,33,30,28,665,1
376,2006-02-28,COGENERADOR,0,0,0,0,0,0,0,0,0,0,0,0,0,0,0,0,0,0,0,0,0,0,0,0,9,2
377,2006-02-28,EOLICA,0,0,0,0,0,0,0,0,0,0,0,0,0,0,0,0,0,0,0,0,0,0,0,0,6,2
378,2006-02-28,HIDRAULICA,109,105,103,103,109,127,134,135,144,150,155,158,152,148,149,148,148,148,176,189,180,164,142,122,3397,2
379,2006-02-28,TERMICA,23,23,23,23,23,24,25,25,25,25,25,25,25,25,25,25,25,26,30,31,30,28,26,25,609,2
380,2006-03-31,COGENERADOR,0,0,0,0,0,0,0,0,0,0,0,0,0,0,0,0,0,0,0,0,0,0,0,0,8,3
381,2006-03-31,EOLICA,0,0,0,0,0,0,0,0,0,0,0,0,0,0,0,0,0,0,0,0,0,0,0,0,7,3
382,2006-03-31,HIDRAULICA,108,103,101,101,109,129,135,137,146,153,157,161,154,150,150,150,149,151,181,192,181,163,139,119,3417,3
383,2006-03-31,TERMICA,38,37,36,36,36,37,38,38,39,39,39,40,40,39,40,40,41,43,47,48,48,45,43,40,967,3
384,2006-04-30,COGENERADOR,0,0,0,0,0,0,0,0,0,0,0,0,0,0,0,0,0,0,0,0,0,0,0,0,6,4
385,2006-04-30,EOLICA,0,0,0,0,0,0,0,0,0,0,0,0,0,0,0,0,0,0,0,0,0,0,0,0,5,4
386,2006-04-30,HIDRAULICA,114,108,106,105,111,125,130,135,145,152,157,161,155,150,149,148,148,153,184,194,184,168,146,125,3452,4
387,2006-04-30,TERMICA,25,25,25,25,25,26,27,27,28,29,29,30,30,29,30,30,30,30,34,36,35,32,30,27,693,4
388,2006-05-31,COGENERADOR,0,0,0,0,0,0,0,0,0,0,0,0,0,0,0,0,0,0,0,0,0,0,0,0,8,5
389,2006-05-31,EOLICA,0,0,0,0,0,0,0,0,0,0,0,0,0,0,0,0,0,0,0,0,0,0,0,0,5,5
390,2006-05-31,HIDRAULICA,115,111,109,109,116,134,140,147,158,164,169,172,166,161,160,160,160,162,190,197,187,172,149,128,3635,5
391,2006-05-31,TERMICA,29,27,26,26,26,26,26,26,26,27,28,28,28,28,29,29,29,32,39,41,40,36,33,30,715,5
392,2006-06-30,COGENERADOR,0,0,0,0,0,0,0,0,0,0,0,0,0,0,0,0,0,0,0,0,0,0,0,0,7,6
393,2006-06-30,EOLICA,0,0,0,0,0,0,0,0,0,0,0,0,0,0,0,0,0,0,0,0,0,0,0,0,6,6
394,2006-06-30,HIDRAULICA,122,116,114,114,120,133,140,148,158,163,168,172,166,162,161,160,160,161,185,197,189,176,153,134,3673,6
395,2006-06-30,TERMICA,21,20,20,20,20,20,21,21,22,23,24,24,24,23,24,24,24,26,32,34,31,28,25,22,573,6
396,2006-07-31,COGENERADOR,0,0,0,0,0,0,0,0,0,0,0,0,0,0,0,0,0,0,0,0,0,0,0,0,8,7
397,2006-07-31,EOLICA,0,0,0,0,0,0,0,0,0,0,0,0,0,0,0,0,0,0,0,0,0,0,0,0,8,7
398,2006-07-31,HIDRAULICA,132,127,124,124,130,141,145,152,163,169,175,178,173,169,167,166,164,165,190,203,196,183,161,143,3843,7
399,2006-07-31,TERMICA,20,19,19,19,19,19,20,23,25,25,26,26,25,25,26,26,27,28,31,36,33,30,27,23,598,7
400,2006-08-31,COGENERADOR,0,0,0,0,0,0,0,0,0,0,0,0,0,0,0,0,0,0,0,0,0,0,0,0,9,8
401,2006-08-31,EOLICA,0,0,0,0,0,0,0,0,0,0,0,0,0,0,0,0,0,0,0,0,0,0,0,0,6,8
402,2006-08-31,HIDRAULICA,120,116,113,113,119,135,140,147,158,164,170,174,167,163,162,162,161,162,188,199,191,175,153,132,3683,8
403,2006-08-31,TERMICA,31,30,29,29,29,30,30,31,32,32,33,33,33,32,33,33,33,35,39,43,41,39,37,34,803,8
404,2006-09-30,COGENERADOR,0,0,0,0,0,0,0,0,0,0,0,0,0,0,0,0,0,0,0,0,0,0,0,0,9,9
405,2006-09-30,EOLICA,0,0,0,0,0,0,0,0,0,0,0,0,0,0,0,0,0,0,0,0,0,0,0,0,5,9
406,2006-09-30,HIDRAULICA,107,102,99,99,105,121,127,133,143,149,155,158,151,147,147,147,147,151,184,188,177,160,138,117,3353,9
407,2006-09-30,TERMICA,41,41,41,40,41,42,42,43,44,44,45,45,45,45,45,45,45,46,49,50,50,48,46,44,1067,9
408,2006-10-31,COGENERADOR,0,0,0,0,0,0,0,0,0,0,0,0,0,0,0,0,0,0,0,0,0,0,0,0,9,10
409,2006-10-31,EOLICA,0,0,0,0,0,0,0,0,0,0,0,0,0,0,0,0,0,0,0,0,0,0,0,0,2,10
410,2006-10-31,HIDRAULICA,109,104,102,102,108,124,128,134,143,148,153,157,151,147,146,146,146,158,190,188,178,161,138,118,3380,10
411,2006-10-31,TERMICA,44,43,43,43,44,45,46,47,48,50,50,51,51,51,51,52,51,53,56,56,55,53,50,47,1181,10
412,2006-11-30,COGENERADOR,0,0,0,0,0,0,0,0,0,0,0,0,0,0,0,0,0,0,0,0,0,0,0,0,7,11
413,2006-11-30,EOLICA,0,0,0,0,0,0,0,0,0,0,0,0,0,0,0,0,0,0,0,0,0,0,0,0,3,11
414,2006-11-30,HIDRAULICA,110,107,105,105,112,126,131,138,147,154,159,163,156,152,151,151,152,164,192,190,179,162,139,120,3463,11
415,2006-11-30,TERMICA,36,35,34,33,33,35,35,36,37,37,38,38,39,38,39,40,40,43,48,48,47,45,42,39,935,11
416,2006-12-31,COGENERADOR,0,0,0,0,0,0,0,0,0,0,0,0,0,0,0,0,0,0,0,0,0,0,0,0,6,12
417,2006-12-31,EOLICA,0,0,0,0,0,0,0,0,0,0,0,0,0,0,0,0,0,0,0,0,0,0,0,0,4,12
418,2006-12-31,HIDRAULICA,125,120,117,117,122,129,133,142,153,159,164,167,163,159,158,156,156,162,198,203,197,185,161,140,3685,12
419,2006-12-31,TERMICA,32,30,28,27,27,28,29,30,32,32,33,34,33,33,33,33,34,40,48,47,44,40,36,33,818,12
420,2007-01-31,COGENERADOR,0,0,0,0,0,0,0,0,0,0,0,0,0,0,0,0,0,0,0,0,0,0,0,0,6,1
421,2007-01-31,EOLICA,0,0,0,0,0,0,0,0,0,0,0,0,0,0,0,0,0,0,0,0,0,0,0,0,5,1
422,2007-01-31,HIDRAULICA,117,113,110,109,113,122,128,136,148,155,161,166,161,156,156,155,153,156,188,199,189,173,148,127,3537,1
423,2007-01-31,TERMICA,34,32,31,31,32,34,35,36,36,36,36,36,36,36,36,36,37,39,42,42,41,39,38,36,870,1
424,2007-02-28,COGENERADOR,0,0,0,0,0,0,0,0,0,0,0,0,0,0,0,0,0,0,0,0,0,0,0,0,6,2
425,2007-02-28,EOLICA,0,0,0,0,0,0,0,0,0,0,0,0,0,0,0,0,0,0,0,0,0,0,0,0,5,2
426,2007-02-28,HIDRAULICA,98,95,93,92,97,113,118,120,129,135,141,145,139,135,136,135,134,133,159,174,165,149,126,107,3068,2
427,2007-02-28,TERMICA,40,39,38,38,40,43,45,46,47,47,47,47,47,47,47,47,47,48,50,51,50,49,47,44,1088,2
428,2007-03-31,COGENERADOR,0,0,0,0,0,0,0,0,0,0,0,0,0,0,0,0,0,0,0,0,0,0,0,0,6,3
429,2007-03-31,EOLICA,0,0,0,0,0,0,0,0,0,0,0,0,0,0,0,0,0,0,0,0,0,0,0,0,6,3
430,2007-03-31,HIDRAULICA,105,103,101,101,107,122,128,132,141,147,153,157,150,146,146,146,146,148,177,190,179,162,136,115,3337,3
431,2007-03-31,TERMICA,47,44,43,43,45,49,51,51,53,53,54,54,54,54,54,54,54,56,57,57,57,56,54,50,1242,3
432,2007-04-30,COGENERADOR,0,0,0,0,0,0,0,0,0,0,0,0,0,0,0,0,0,0,0,0,0,0,0,0,4,4
433,2007-04-30,EOLICA,0,0,0,0,0,0,0,0,0,0,0,0,0,0,0,0,0,0,0,0,0,0,0,0,5,4
434,2007-04-30,HIDRAULICA,115,110,106,106,112,127,132,138,149,156,157,161,157,155,156,156,155,158,189,198,188,174,148,126,3527,4
435,2007-04-30,TERMICA,28,27,27,27,28,28,29,29,30,30,29,30,30,30,30,31,31,33,35,36,35,32,31,30,726,4
436,2007-05-31,COGENERADOR,0,0,0,0,0,0,0,0,0,0,0,0,0,0,0,0,0,0,0,0,0,0,0,0,5,5
437,2007-05-31,EOLICA,0,0,0,0,0,0,0,0,0,0,0,0,0,0,0,0,0,0,0,0,0,0,0,0,4,5
438,2007-05-31,HIDRAULICA,124,120,118,118,124,140,146,153,165,171,176,180,173,170,170,170,169,171,199,208,199,183,157,135,3841,5
439,2007-05-31,TERMICA,24,23,22,22,23,24,25,25,26,27,27,28,28,27,28,28,28,31,36,38,34,31,29,27,661,5
440,2007-06-30,COGENERADOR,0,0,0,0,0,0,0,0,0,0,0,0,0,0,0,0,0,0,0,0,0,0,0,0,6,6
441,2007-06-30,EOLICA,0,0,0,0,0,0,0,0,0,0,0,0,0,0,0,0,0,0,0,0,0,0,0,0,4,6
442,2007-06-30,HIDRAULICA,120,115,112,112,117,129,136,145,157,163,169,173,167,163,162,160,160,162,187,200,193,177,153,132,3663,6
443,2007-06-30,TERMICA,26,25,24,24,24,25,25,25,26,27,28,29,28,28,28,28,29,30,35,36,34,31,28,27,670,6
444,2007-07-31,COGENERADOR,0,0,0,0,0,0,0,0,0,0,0,0,0,0,0,0,0,0,0,0,0,0,0,0,7,7
445,2007-07-31,EOLICA,0,0,0,0,0,0,0,0,0,0,0,0,0,0,0,0,0,0,0,0,0,0,0,0,6,7
446,2007-07-31,HIDRAULICA,125,120,117,117,122,134,139,149,161,168,174,179,174,169,168,167,166,165,191,209,201,185,160,137,3799,7
447,2007-07-31,TERMICA,30,29,29,28,28,29,29,30,30,31,31,31,30,30,31,31,31,32,34,36,34,32,31,31,737,7
448,2007-08-31,COGENERADOR,0,0,0,0,0,0,0,0,0,0,0,0,0,0,0,0,0,0,0,0,0,0,0,0,8,8
449,2007-08-31,EOLICA,0,0,0,0,0,0,0,0,0,0,0,0,0,0,0,0,0,0,0,0,0,0,0,0,4,8
450,2007-08-31,HIDRAULICA,122,117,114,114,121,136,141,148,160,167,174,178,171,167,166,166,164,166,194,208,199,182,156,133,3764,8
451,2007-08-31,TERMICA,31,29,29,29,29,31,31,32,33,33,33,33,33,34,34,35,35,36,38,40,37,35,34,32,796,8
452,2007-09-30,COGENERADOR,0,0,0,0,0,0,0,0,0,0,0,0,0,0,0,0,0,0,0,0,0,0,0,0,7,9
453,2007-09-30,EOLICA,0,0,0,0,0,0,0,0,0,0,0,0,0,0,0,0,0,0,0,0,0,0,0,0,3,9
454,2007-09-30,HIDRAULICA,126,122,120,120,126,141,146,153,164,170,177,181,174,170,170,170,168,170,201,205,196,181,158,136,3846,9
455,2007-09-30,TERMICA,24,22,21,21,22,23,24,24,25,25,26,26,25,26,26,26,26,29,34,36,34,29,27,25,624,9
456,2007-10-31,COGENERADOR,0,0,0,0,0,0,0,0,0,0,0,0,0,0,0,0,0,0,0,0,0,0,0,0,7,10
457,2007-10-31,EOLICA,0,0,0,0,0,0,0,0,0,0,0,0,0,0,0,0,0,0,0,0,0,0,0,0,1,10
458,2007-10-31,HIDRAULICA,124,120,117,117,124,139,146,153,164,170,177,180,174,170,171,171,172,181,210,208,197,179,154,133,3850,10
459,2007-10-31,TERMICA,28,27,26,26,26,27,27,28,29,29,30,31,30,30,29,29,30,32,39,39,37,34,32,30,726,10
460,2007-11-30,COGENERADOR,0,0,0,0,0,0,0,0,0,0,0,0,0,0,0,0,0,0,0,0,0,0,0,0,6,11
461,2007-11-30,EOLICA,0,0,0,0,0,0,0,0,0,0,0,0,0,0,0,0,0,0,0,0,0,0,0,0,3,11
462,2007-11-30,HIDRAULICA,137,131,128,127,134,148,154,162,174,181,188,192,186,182,182,181,182,195,223,224,215,198,173,150,4149,11
463,2007-11-30,TERMICA,13,13,12,12,12,13,13,14,14,15,15,15,15,15,15,16,16,18,22,20,16,14,13,13,355,11
464,2007-12-31,COGENERADOR,0,0,0,0,0,0,0,0,0,0,0,0,0,0,0,0,0,0,0,0,0,0,0,0,5,12
465,2007-12-31,EOLICA,0,0,0,0,0,0,0,0,0,0,0,0,0,0,0,0,0,0,0,0,0,0,0,0,4,12
466,2007-12-31,HIDRAULICA,130,123,120,119,123,132,136,147,160,166,172,176,173,168,167,165,162,172,214,220,211,194,167,142,3860,12
467,2007-12-31,TERMICA,31,29,29,29,29,29,30,30,31,31,31,31,31,31,32,32,33,35,38,38,36,35,34,33,766,12
468,2008-01-31,COGENERADOR,0,0,0,0,0,0,0,0,0,0,0,0,0,0,0,0,0,0,0,0,0,0,0,0,4,1
469,2008-01-31,EOLICA,0,0,0,0,0,0,0,0,0,0,0,0,0,0,0,0,0,0,0,0,0,0,0,0,6,1
470,2008-01-31,HIDRAULICA,119,114,111,110,114,124,130,138,151,159,166,170,167,162,162,161,158,160,195,207,196,175,148,128,3624,1
471,2008-01-31,TERMICA,34,33,32,32,34,35,35,36,36,36,36,36,36,36,36,36,36,37,37,37,37,37,36,35,851,1
472,2008-02-29,COGENERADOR,0,0,0,0,0,0,0,0,0,0,0,0,0,0,0,0,0,0,0,0,0,0,0,0,4,2
473,2008-02-29,EOLICA,0,0,0,0,0,0,0,0,0,0,0,0,0,0,0,0,0,0,0,0,0,0,0,0,6,2
474,2008-02-29,HIDRAULICA,113,108,105,105,111,130,137,141,151,157,164,167,161,157,159,158,158,159,186,200,191,172,145,123,3558,2
475,2008-02-29,TERMICA,30,29,29,29,29,30,31,31,31,31,31,32,31,32,32,32,32,33,35,36,34,33,32,31,756,2
476,2008-03-31,COGENERADOR,0,0,0,0,0,0,0,0,0,0,0,0,0,0,0,0,0,0,0,0,0,0,0,0,5,3
477,2008-03-31,EOLICA,0,0,0,0,0,0,0,0,0,0,0,0,0,0,0,0,0,0,0,0,0,0,0,0,6,3
478,2008-03-31,HIDRAULICA,117,111,108,108,114,128,133,140,150,157,163,166,162,158,156,155,155,158,187,199,189,170,145,127,3555,3
479,2008-03-31,TERMICA,29,28,28,27,28,29,30,30,32,32,33,34,33,34,35,35,35,36,41,43,41,38,35,32,798,3
480,2008-04-30,COGENERADOR,0,0,0,0,0,0,0,0,0,0,0,0,0,0,0,0,0,0,0,0,0,0,0,0,4,4
481,2008-04-30,EOLICA,0,0,0,0,0,0,0,0,0,0,0,0,0,0,0,0,0,0,0,0,0,0,0,0,6,4
482,2008-04-30,HIDRAULICA,111,107,105,105,111,129,134,140,151,157,163,167,161,158,158,157,157,159,188,197,185,166,139,120,3523,4
483,2008-04-30,TERMICA,35,33,32,32,33,35,36,37,38,39,40,40,39,39,40,40,41,42,46,48,47,45,42,38,935,4
484,2008-05-31,COGENERADOR,0,0,0,0,0,0,0,0,0,0,0,0,0,0,0,0,0,0,0,0,0,0,0,0,2,5
485,2008-05-31,EOLICA,0,0,0,0,0,0,0,0,0,0,0,0,0,0,0,0,0,0,0,0,0,0,0,0,6,5
486,2008-05-31,HIDRAULICA,114,110,108,108,114,127,133,140,150,156,162,166,161,158,156,156,155,158,187,197,185,166,142,124,3534,5
487,2008-05-31,TERMICA,35,34,33,32,33,35,35,37,40,41,42,42,42,41,42,42,42,44,48,50,49,47,43,38,965,5
488,2008-06-30,COGENERADOR,0,0,0,0,0,0,0,0,0,0,0,0,0,0,0,0,0,0,0,0,0,0,0,0,4,6
489,2008-06-30,EOLICA,0,0,0,0,0,0,0,0,0,0,0,0,0,0,0,0,0,0,0,0,0,0,0,0,7,6
490,2008-06-30,HIDRAULICA,129,123,120,120,125,138,142,148,158,164,169,171,168,165,163,163,162,163,189,203,195,181,158,139,3759,6
491,2008-06-30,TERMICA,20,19,19,19,19,19,21,24,26,27,29,32,30,29,30,30,30,31,34,35,32,26,22,20,624,6
492,2008-07-31,COGENERADOR,0,0,0,0,0,0,0,0,0,0,0,0,0,0,0,0,0,0,0,0,0,0,0,0,7,7
493,2008-07-31,EOLICA,0,0,0,0,0,0,0,0,0,0,0,0,0,0,0,0,0,0,0,0,0,0,0,0,6,7
494,2008-07-31,HIDRAULICA,137,130,127,127,133,148,154,162,172,178,182,185,179,177,177,176,176,177,200,215,208,195,171,149,4035,7
495,2008-07-31,TERMICA,16,16,15,15,16,16,17,19,22,25,27,29,28,26,27,27,27,28,31,34,30,22,18,17,547,7
496,2008-08-31,COGENERADOR,0,0,0,0,0,0,0,0,0,0,0,0,0,0,0,0,0,0,0,0,0,0,0,0,7,8
497,2008-08-31,EOLICA,0,0,0,0,0,0,0,0,0,0,0,0,0,0,0,0,0,0,0,0,0,0,0,0,3,8
498,2008-08-31,HIDRAULICA,139,134,131,130,137,152,158,165,177,183,188,191,186,183,183,181,179,181,207,220,212,194,169,149,4128,8
499,2008-08-31,TERMICA,17,16,16,16,16,16,16,17,18,19,20,21,20,20,20,21,21,22,27,28,25,22,19,17,473,8
500,2008-09-30,COGENERADOR,0,0,0,0,0,0,0,0,0,0,0,0,0,0,0,0,0,0,0,0,0,0,0,0,4,9
501,2008-09-30,EOLICA,0,0,0,0,0,0,0,0,0,0,0,0,0,0,0,0,0,0,0,0,0,0,0,0,2,9
502,2008-09-30,HIDRAULICA,132,127,124,124,132,150,156,163,175,182,189,192,185,182,183,183,182,184,211,215,205,189,163,141,4068,9
503,2008-09-30,TERMICA,21,20,20,20,19,19,19,19,20,21,22,22,22,22,23,23,23,26,35,35,31,28,25,23,559,9
504,2008-10-31,COGENERADOR,0,0,0,0,0,0,0,0,0,0,0,0,0,0,0,0,0,0,0,0,0,0,0,0,2,10
505,2008-10-31,EOLICA,0,0,0,0,0,0,0,0,0,0,0,0,0,0,0,0,0,0,0,0,0,0,0,0,2,10
506,2008-10-31,HIDRAULICA,136,132,130,129,136,152,157,166,178,185,193,197,192,189,189,189,190,198,225,224,214,197,171,148,4220,10
507,2008-10-31,TERMICA,21,19,19,19,19,19,19,20,21,22,23,25,23,23,23,23,23,25,33,32,28,25,23,22,551,10
508,2008-11-30,COGENERADOR,0,0,0,0,0,0,0,0,0,0,0,0,0,0,0,0,0,0,0,0,0,0,0,0,4,11
509,2008-11-30,EOLICA,0,0,0,0,0,0,0,0,0,0,0,0,0,0,0,0,0,0,0,0,0,0,0,0,2,11
510,2008-11-30,HIDRAULICA,131,126,123,123,129,142,148,157,169,176,182,185,182,179,178,177,177,186,212,211,202,189,166,143,3993,11
511,2008-11-30,TERMICA,18,17,17,16,16,17,18,19,19,20,22,23,21,21,22,22,23,28,34,34,29,23,20,18,514,11
512,2008-12-31,COGENERADOR,0,0,0,0,0,0,0,0,0,0,0,0,0,0,0,0,0,0,0,0,0,0,0,0,5,12
513,2008-12-31,EOLICA,0,0,0,0,0,0,0,0,0,0,0,0,0,0,0,0,0,0,0,0,0,0,0,0,3,12
514,2008-12-31,HIDRAULICA,142,134,130,128,133,142,147,159,174,182,188,192,189,184,183,182,181,186,222,227,219,204,180,155,4163,12
515,2008-12-31,TERMICA,20,20,20,20,20,20,20,21,21,21,21,21,21,22,22,22,23,26,34,34,31,28,25,23,554,12
516,2009-01-31,COGENERADOR,0,0,0,0,0,0,0,0,0,0,0,0,0,0,0,0,0,0,0,0,0,0,0,0,5,1
517,2009-01-31,EOLICA,0,0,0,0,0,0,0,0,0,0,0,0,0,0,0,0,0,0,0,0,0,0,0,0,5,1
518,2009-01-31,HIDRAULICA,132,125,122,121,125,136,142,152,166,174,182,186,183,179,179,177,175,175,202,212,203,189,166,143,3944,1
519,2009-01-31,TERMICA,23,23,23,22,23,24,24,24,24,25,26,27,26,26,26,26,27,30,37,37,34,30,26,24,636,1
520,2009-02-28,COGENERADOR,0,0,0,0,0,0,0,0,0,0,0,0,0,0,0,0,0,0,0,0,0,0,0,0,5,2
521,2009-02-28,EOLICA,0,0,0,0,0,0,0,0,0,0,0,0,0,0,0,0,0,0,0,0,0,0,0,0,5,2
522,2009-02-28,HIDRAULICA,118,113,110,110,115,133,138,142,153,159,164,168,164,161,162,161,160,159,184,196,188,172,147,127,3603,2
523,2009-02-28,TERMICA,23,22,22,22,23,24,25,26,27,27,29,29,29,29,29,29,30,31,34,35,33,30,27,25,658,2
524,2009-03-31,COGENERADOR,0,0,0,0,0,0,0,0,0,0,0,0,0,0,0,0,0,0,0,0,0,0,0,0,5,3
525,2009-03-31,EOLICA,0,0,0,0,0,0,0,0,0,0,0,0,0,0,0,0,0,0,0,0,0,0,0,0,6,3
526,2009-03-31,HIDRAULICA,132,127,125,125,131,148,153,158,168,174,180,184,179,176,176,175,175,175,200,212,203,186,161,141,3964,3
527,2009-03-31,TERMICA,26,25,24,24,24,26,28,30,33,34,35,35,34,33,34,35,35,35,40,41,38,35,31,28,760,3
528,2009-04-30,COGENERADOR,0,0,0,0,0,0,0,0,0,0,0,0,0,0,0,0,0,0,0,0,0,0,0,0,4,4
529,2009-04-30,EOLICA,0,0,0,0,0,0,0,0,0,0,0,0,0,0,0,0,0,0,0,0,0,0,0,0,6,4
530,2009-04-30,HIDRAULICA,126,121,119,118,124,138,144,153,163,170,177,180,175,172,172,171,169,169,194,202,193,178,154,135,3817,4
531,2009-04-30,TERMICA,26,25,24,24,24,25,24,25,27,28,28,29,28,29,29,30,29,31,38,40,38,34,30,27,692,4
532,2009-05-31,COGENERADOR,0,0,0,0,0,0,0,0,0,0,0,0,0,0,0,0,0,0,0,0,0,0,0,0,4,5
533,2009-05-31,EOLICA,0,0,0,0,0,0,0,0,0,0,0,0,0,0,0,0,0,0,0,0,0,0,0,0,5,5
534,2009-05-31,HIDRAULICA,123,116,113,112,117,132,137,146,158,166,174,178,173,171,170,169,168,170,201,211,201,182,157,136,3780,5
535,2009-05-31,TERMICA,35,35,34,34,35,36,38,39,40,40,40,41,40,40,40,40,40,42,44,44,43,41,39,37,937,5
536,2009-06-30,COGENERADOR,0,0,0,0,0,0,0,0,0,0,0,0,0,0,0,0,0,0,0,0,0,0,0,0,7,6
537,2009-06-30,EOLICA,0,0,0,0,0,0,0,0,0,0,0,0,0,0,0,0,0,0,0,0,0,0,0,0,5,6
538,2009-06-30,HIDRAULICA,113,108,105,104,108,119,125,136,148,155,162,166,162,159,159,158,156,155,180,193,185,168,145,124,3493,6
539,2009-06-30,TERMICA,39,37,36,37,38,40,40,41,42,42,43,44,43,43,44,44,44,44,47,48,46,43,41,40,1005,6
540,2009-07-31,COGENERADOR,1,1,1,1,1,1,1,1,1,1,1,1,1,1,0,0,0,1,1,1,1,1,1,1,13,7
541,2009-07-31,EOLICA,0,0,0,0,0,0,0,0,0,0,0,0,0,0,0,0,0,0,0,0,0,0,0,0,6,7
542,2009-07-31,HIDRAULICA,113,108,105,104,109,122,129,139,151,160,167,172,166,163,163,161,159,157,181,200,188,171,146,125,3559,7
543,2009-07-31,TERMICA,43,42,41,41,42,43,43,45,47,48,48,49,49,48,48,49,49,51,53,55,54,53,50,46,1138,7
544,2009-08-31,COGENERADOR,1,1,1,1,1,1,1,1,1,1,1,1,1,1,1,1,1,1,1,1,1,1,1,1,15,8
545,2009-08-31,EOLICA,0,0,0,0,0,0,0,0,0,0,0,0,0,0,0,0,0,0,0,0,0,0,0,0,5,8
546,2009-08-31,HIDRAULICA,115,109,106,105,109,122,127,136,148,156,162,167,161,158,158,156,153,153,182,197,186,168,144,124,3504,8
547,2009-08-31,TERMICA,47,46,46,45,46,49,50,51,53,54,54,55,55,55,55,55,55,55,57,57,57,55,54,50,1257,8
548,2009-09-30,COGENERADOR,0,1,1,1,1,1,1,1,1,1,1,1,0,1,0,1,1,1,0,0,1,1,0,0,12,9
549,2009-09-30,EOLICA,0,0,0,0,0,0,0,0,0,0,0,0,0,0,0,0,0,0,0,0,0,0,0,0,4,9
550,2009-09-30,HIDRAULICA,105,100,97,96,102,118,123,132,145,153,160,163,158,156,157,156,152,154,185,189,178,162,137,116,3393,9
551,2009-09-30,TERMICA,60,59,58,59,58,59,59,60,60,61,61,61,61,61,61,62,62,63,65,66,65,64,63,62,1470,9
552,2009-10-31,COGENERADOR,0,0,0,0,1,1,0,0,0,0,0,0,0,0,0,0,0,0,0,0,0,0,0,0,11,10
553,2009-10-31,EOLICA,0,0,0,0,0,0,0,0,0,0,0,0,0,0,0,0,0,0,0,0,0,0,0,0,4,10
554,2009-10-31,HIDRAULICA,80,73,69,69,73,84,89,99,112,120,127,132,126,122,121,120,119,127,160,159,147,130,107,87,2653,10
555,2009-10-31,TERMICA,82,82,83,83,84,86,87,88,89,89,90,91,91,91,92,92,93,94,95,95,95,93,90,88,2144,10
556,2009-11-30,COGENERADOR,1,1,1,1,1,1,1,1,1,1,1,1,1,1,0,0,0,0,0,1,1,1,0,1,12,11
557,2009-11-30,EOLICA,0,0,0,0,0,0,0,0,0,0,0,0,0,0,0,0,0,0,0,0,0,0,0,0,3,11
558,2009-11-30,HIDRAULICA,83,77,73,72,75,87,91,101,114,123,130,136,130,127,126,126,124,137,170,168,156,139,115,93,2774,11
559,2009-11-30,TERMICA,73,73,73,74,76,77,78,78,79,79,79,79,79,79,79,79,80,81,81,81,81,80,79,77,1873,11
560,2009-12-31,COGENERADOR,1,1,1,1,1,1,1,1,1,1,1,1,1,1,1,0,0,1,1,1,1,1,1,0,13,12
561,2009-12-31,EOLICA,0,0,0,0,0,0,0,0,0,0,0,0,0,0,0,0,0,0,0,0,0,0,0,0,4,12
562,2009-12-31,HIDRAULICA,69,62,57,56,58,66,70,82,95,103,110,115,111,106,105,104,101,109,152,157,147,131,105,81,2353,12
563,2009-12-31,TERMICA,95,94,94,94,96,97,97,97,99,100,100,100,100,101,101,101,102,103,105,106,105,104,102,101,2394,12
564,2010-01-31,COGENERADOR,1,1,1,1,1,1,1,1,1,1,1,1,1,1,1,1,1,1,1,1,1,1,1,1,13,1
565,2010-01-31,EOLICA,0,0,0,0,0,0,0,0,0,0,0,0,0,0,0,0,0,0,0,0,0,0,0,0,5,1
566,2010-01-31,HIDRAULICA,59,53,49,47,50,59,63,72,85,94,102,107,103,99,99,96,94,95,129,140,130,114,91,69,2098,1
567,2010-01-31,TERMICA,99,99,99,99,100,101,100,102,103,103,103,103,104,104,104,104,104,104,106,106,106,105,104,102,2462,1
568,2010-02-28,COGENERADOR,1,1,1,1,1,1,1,1,1,1,1,1,1,1,1,1,1,1,1,1,1,1,1,1,16,2
569,2010-02-28,EOLICA,0,0,0,0,0,0,0,0,0,0,0,0,0,0,0,0,0,0,0,0,0,0,0,0,4,2
570,2010-02-28,HIDRAULICA,62,56,53,52,58,75,80,84,96,103,110,115,109,107,108,107,104,103,130,143,134,118,95,73,2276,2
571,2010-02-28,TERMICA,85,85,85,85,86,86,86,87,87,87,87,87,87,87,87,88,88,88,90,90,90,90,89,87,2095,2
572,2010-03-31,COGENERADOR,1,1,1,1,1,1,1,1,1,1,1,1,1,1,1,1,1,1,1,1,1,1,1,1,18,3
573,2010-03-31,EOLICA,0,0,0,0,0,0,0,0,0,0,0,0,0,0,0,0,0,0,0,0,0,0,0,0,5,3
574,2010-03-31,HIDRAULICA,78,71,67,66,72,89,95,102,116,125,132,137,132,129,129,128,126,126,156,170,160,142,116,91,2757,3
575,2010-03-31,TERMICA,87,87,87,87,88,88,87,88,88,87,87,87,86,87,87,87,88,88,89,88,88,88,88,87,2098,3
576,2010-04-30,COGENERADOR,1,1,1,1,1,1,1,1,1,1,1,1,1,1,1,1,1,1,1,1,1,1,1,1,15,4
577,2010-04-30,EOLICA,0,0,0,0,0,0,0,0,0,0,0,0,0,0,0,0,0,0,0,0,0,0,0,0,5,4
578,2010-04-30,HIDRAULICA,76,71,68,67,72,87,91,100,112,120,127,132,127,124,125,124,123,125,155,164,153,135,111,88,2677,4
579,2010-04-30,TERMICA,79,77,77,77,79,79,79,79,79,79,79,79,79,79,79,79,80,80,81,81,82,81,81,81,1903,4
580,2010-05-31,COGENERADOR,1,1,1,1,1,1,1,1,1,1,1,1,1,1,1,1,1,1,1,1,1,1,1,1,15,5
581,2010-05-31,EOLICA,0,0,0,0,0,0,0,0,0,0,0,0,0,0,0,0,0,0,0,0,0,0,0,0,4,5
582,2010-05-31,HIDRAULICA,95,90,87,88,92,106,110,120,133,141,148,153,148,145,146,145,143,144,172,182,172,156,131,107,3153,5
583,2010-05-31,TERMICA,66,65,64,63,64,65,65,65,66,66,66,67,67,67,67,67,67,69,72,73,72,70,68,67,1609,5
584,2010-06-30,COGENERADOR,1,1,1,1,1,1,1,1,1,1,1,1,1,1,1,1,1,1,1,1,1,1,1,1,15,6
585,2010-06-30,EOLICA,0,0,0,0,0,0,0,0,0,0,0,0,0,0,0,0,0,0,0,0,0,0,0,0,3,6
586,2010-06-30,HIDRAULICA,129,124,121,121,126,136,142,154,165,172,178,182,177,174,175,174,172,172,191,203,196,181,159,140,3863,6
587,2010-06-30,TERMICA,29,28,27,27,27,28,26,27,29,30,32,32,32,32,32,32,32,33,39,41,38,36,34,31,754,6
588,2010-07-31,COGENERADOR,1,1,1,1,1,1,1,1,1,1,1,1,1,1,1,1,1,1,1,1,1,1,1,1,16,7
589,2010-07-31,EOLICA,0,0,0,0,0,0,0,0,0,0,0,0,0,0,0,0,0,0,0,0,0,0,0,0,3,7
590,2010-07-31,HIDRAULICA,138,132,128,127,132,143,148,158,172,180,187,192,187,183,184,183,181,182,205,220,212,196,171,150,4092,7
591,2010-07-31,TERMICA,25,24,23,24,24,25,26,26,26,27,27,28,28,28,28,28,28,28,30,31,30,29,28,27,648,7
592,2010-08-31,COGENERADOR,1,1,1,1,1,1,1,1,1,1,1,1,1,1,1,1,1,1,1,1,1,1,1,1,23,8
593,2010-08-31,EOLICA,0,0,0,0,0,0,0,0,0,0,0,0,0,0,0,0,0,0,0,0,0,0,0,0,3,8
594,2010-08-31,HIDRAULICA,134,128,124,124,130,144,148,157,170,178,185,191,185,181,182,181,180,180,207,220,211,195,170,147,4051,8
595,2010-08-31,TERMICA,29,29,29,29,29,29,30,30,31,31,31,31,32,32,32,32,32,32,34,35,33,32,31,30,743,8
596,2010-09-30,COGENERADOR,1,1,1,1,1,1,1,1,1,1,1,1,1,1,1,1,1,1,1,1,1,1,1,1,25,9
597,2010-09-30,EOLICA,0,0,0,0,0,0,0,0,0,0,0,0,0,0,0,0,0,0,0,0,0,0,0,0,1,9
598,2010-09-30,HIDRAULICA,133,127,123,121,127,142,145,152,163,170,176,180,175,173,174,173,173,175,204,208,197,180,158,141,3890,9
599,2010-09-30,TERMICA,29,29,28,28,29,30,31,32,34,35,35,36,36,36,36,36,36,37,39,40,39,37,35,32,815,9
600,2010-10-31,COGENERADOR,1,1,1,1,1,1,1,1,1,1,1,1,1,1,1,1,1,1,1,1,1,1,1,1,26,10
601,2010-10-31,EOLICA,0,0,0,0,0,0,0,0,0,0,0,0,0,0,0,0,0,0,0,0,0,0,0,0,2,10
602,2010-10-31,HIDRAULICA,131,126,122,121,127,139,144,153,164,170,175,179,174,172,172,171,170,176,202,200,190,174,157,140,3853,10
603,2010-10-31,TERMICA,37,35,35,35,35,36,37,38,41,43,45,46,46,46,46,46,46,48,52,53,51,48,45,41,1031,10
604,2010-11-30,COGENERADOR,1,1,1,1,1,1,1,1,1,1,1,1,1,1,1,1,1,1,1,1,1,1,1,1,17,11
605,2010-11-30,EOLICA,0,0,0,0,0,0,0,0,0,0,0,0,0,0,0,0,0,0,0,0,0,0,0,0,2,11
606,2010-11-30,HIDRAULICA,130,125,122,122,128,141,145,154,164,171,178,182,178,175,175,175,174,181,200,198,187,175,157,140,3876,11
607,2010-11-30,TERMICA,34,32,31,31,31,32,32,34,36,37,38,39,38,38,38,39,40,44,51,50,49,44,41,37,916,11
608,2010-12-31,COGENERADOR,1,1,1,1,1,1,1,1,1,1,1,1,1,1,1,1,1,1,1,1,1,1,1,1,21,12
609,2010-12-31,EOLICA,0,0,0,0,0,0,0,0,0,0,0,0,0,0,0,0,0,0,0,0,0,0,0,0,2,12
610,2010-12-31,HIDRAULICA,135,128,125,124,129,137,142,155,167,174,181,185,182,179,177,176,174,176,208,211,202,188,168,148,3971,12
611,2010-12-31,TERMICA,35,34,33,32,32,33,32,32,34,35,36,36,36,36,37,37,38,42,48,48,47,44,41,38,896,12
612,2011-01-31,COGENERADOR,1,1,1,1,1,1,1,1,1,1,1,1,1,1,1,1,1,1,1,1,1,1,1,1,25,1
613,2011-01-31,EOLICA,0,0,0,0,0,0,0,0,0,0,0,0,0,0,0,0,0,0,0,0,0,0,0,0,4,1
614,2011-01-31,HIDRAULICA,135,130,127,125,129,138,142,151,163,172,179,184,180,177,176,174,169,166,192,202,194,179,160,144,3890,1
615,2011-01-31,TERMICA,34,33,32,32,32,33,33,33,35,37,38,40,39,39,40,40,41,42,49,50,49,45,41,37,923,1
616,2011-02-28,COGENERADOR,1,1,1,1,1,1,1,1,1,1,1,1,1,1,1,1,1,1,1,1,1,1,1,1,20,2
617,2011-02-28,EOLICA,0,0,0,0,0,0,0,0,0,0,0,0,0,0,0,0,0,0,0,0,0,0,0,0,5,2
618,2011-02-28,HIDRAULICA,116,110,106,104,110,128,133,138,150,158,165,170,165,163,164,163,160,157,180,191,183,168,147,127,3558,2
619,2011-02-28,TERMICA,34,34,34,35,35,36,36,36,37,37,38,38,37,38,38,38,39,40,42,42,41,40,38,36,898,2
620,2011-03-31,COGENERADOR,1,1,1,1,1,1,1,1,1,1,1,1,1,1,1,1,1,1,1,1,1,1,1,1,24,3
621,2011-03-31,EOLICA,0,0,0,0,0,0,0,0,0,0,0,0,0,0,0,0,0,0,0,0,0,0,0,0,5,3
622,2011-03-31,HIDRAULICA,143,138,134,133,140,158,162,169,181,188,195,199,194,193,192,191,190,188,209,218,209,193,173,154,4245,3
623,2011-03-31,TERMICA,30,29,29,29,29,29,29,29,30,31,32,33,32,32,33,33,33,35,40,42,40,37,34,32,779,3
624,2011-04-30,COGENERADOR,1,1,1,1,1,1,1,1,1,1,1,1,1,1,1,1,1,1,1,1,1,1,1,1,20,4
625,2011-04-30,EOLICA,0,0,0,0,0,0,0,0,0,0,0,0,0,0,0,0,0,0,0,0,0,0,0,0,5,4
626,2011-04-30,HIDRAULICA,131,126,123,122,127,140,144,154,167,175,182,187,183,180,180,179,177,176,201,208,200,187,164,144,3958,4
627,2011-04-30,TERMICA,26,25,24,24,24,25,25,26,27,28,28,29,29,29,30,30,31,32,38,41,38,33,30,27,698,4
628,2011-05-31,COGENERADOR,1,1,1,1,1,1,1,1,1,1,1,1,1,1,1,1,1,1,1,1,1,1,1,1,25,5
629,2011-05-31,EOLICA,0,0,0,0,0,0,0,0,0,0,0,0,0,0,0,0,0,0,0,0,0,0,0,0,3,5
630,2011-05-31,HIDRAULICA,140,133,129,128,135,151,156,165,179,188,197,204,198,195,197,195,192,193,225,235,225,205,178,154,4297,5
631,2011-05-31,TERMICA,23,23,22,22,23,23,23,24,24,24,25,25,25,25,25,26,26,27,28,29,28,27,25,24,597,5
632,2011-06-30,COGENERADOR,1,1,1,1,1,1,1,1,1,1,1,1,1,1,1,1,1,1,1,1,1,1,1,1,21,6
633,2011-06-30,EOLICA,0,0,0,0,0,0,0,0,0,0,0,0,0,0,0,0,0,0,0,0,0,0,0,0,4,6
634,2011-06-30,HIDRAULICA,134,127,123,122,127,137,143,155,169,178,187,192,188,185,185,184,181,181,208,221,212,195,172,150,4055,6
635,2011-06-30,TERMICA,26,26,26,26,26,26,26,27,27,27,28,28,28,28,29,29,29,29,31,33,31,29,27,26,668,6
636,2011-07-31,COGENERADOR,1,1,1,1,1,1,1,1,1,1,1,1,1,1,1,1,1,1,1,1,1,1,1,1,30,7
637,2011-07-31,EOLICA,0,0,0,0,0,0,0,0,0,0,0,0,0,0,0,0,0,0,0,0,0,0,0,0,4,7
638,2011-07-31,HIDRAULICA,135,128,124,123,128,140,145,156,171,180,188,194,189,186,186,185,182,181,208,225,215,197,173,149,4086,7
639,2011-07-31,TERMICA,29,29,28,28,28,28,28,29,30,31,31,32,32,32,32,32,32,33,34,34,33,32,32,30,740,7
640,2011-08-31,COGENERADOR,1,1,1,1,1,2,1,1,2,1,1,1,1,1,1,1,1,1,1,1,1,1,1,1,35,8
641,2011-08-31,EOLICA,0,0,0,0,0,0,0,0,0,0,0,0,0,0,0,0,0,0,0,0,0,0,0,0,3,8
642,2011-08-31,HIDRAULICA,132,128,125,124,130,145,148,157,171,179,186,192,187,184,185,183,181,179,202,213,204,190,166,144,4032,8
643,2011-08-31,TERMICA,36,35,34,33,33,33,34,35,37,38,40,41,41,41,42,42,42,43,49,53,51,46,43,40,963,8
644,2011-09-30,COGENERADOR,1,1,1,1,1,1,1,1,1,1,1,1,1,1,1,1,1,1,1,1,1,1,1,1,34,9
645,2011-09-30,EOLICA,0,0,0,0,0,0,0,0,0,0,0,0,0,0,0,0,0,0,0,0,0,0,0,0,2,9
646,2011-09-30,HIDRAULICA,131,127,125,125,131,146,150,159,170,178,184,188,184,181,182,181,179,179,201,205,195,183,163,142,3987,9
647,2011-09-30,TERMICA,34,32,31,30,30,30,29,31,33,36,39,41,40,40,41,41,41,42,51,53,52,46,43,38,927,9
648,2011-10-31,COGENERADOR,1,1,1,1,1,1,1,1,1,1,1,1,1,1,1,1,1,1,1,1,1,1,1,1,34,10
649,2011-10-31,EOLICA,0,0,0,0,0,0,0,0,0,0,0,0,0,0,0,0,0,0,0,0,0,0,0,0,1,10
650,2011-10-31,HIDRAULICA,136,131,129,128,134,147,153,164,175,182,188,193,190,187,187,186,185,191,212,210,198,186,166,148,4106,10
651,2011-10-31,TERMICA,34,32,31,31,30,30,30,30,33,34,36,39,37,37,38,38,38,40,50,50,49,44,41,36,891,10
652,2011-11-30,COGENERADOR,1,1,1,1,1,1,1,1,1,1,1,1,1,1,1,1,1,1,1,1,1,1,1,1,25,11
653,2011-11-30,EOLICA,0,0,0,0,0,0,0,0,0,0,0,0,0,0,0,0,0,0,0,0,0,0,0,0,1,11
654,2011-11-30,HIDRAULICA,134,129,126,125,131,144,151,162,174,181,188,192,189,186,185,184,183,192,211,208,197,185,164,145,4068,11
655,2011-11-30,TERMICA,35,33,32,31,31,31,29,31,33,35,37,39,39,39,40,40,41,44,50,51,50,46,43,38,915,11
656,2011-12-31,COGENERADOR,1,1,1,1,1,1,1,1,1,1,1,1,1,1,1,1,1,1,1,1,1,1,1,1,24,12
657,2011-12-31,EOLICA,0,0,0,0,0,0,0,0,0,0,0,0,0,0,0,0,0,0,0,0,0,0,0,0,4,12
658,2011-12-31,HIDRAULICA,141,134,130,129,134,142,148,161,174,183,190,194,191,187,185,184,181,185,215,220,211,198,176,155,4149,12
659,2011-12-31,TERMICA,33,31,30,29,29,29,28,29,31,32,33,33,33,34,35,35,36,39,47,47,46,40,38,35,832,12
660,2012-01-31,COGENERADOR,1,1,1,1,1,1,1,1,1,1,1,1,1,1,1,1,1,1,1,1,1,1,1,1,28,1
661,2012-01-31,EOLICA,0,0,0,0,0,0,0,0,0,0,0,0,0,0,0,0,0,0,0,0,0,0,0,0,5,1
662,2012-01-31,HIDRAULICA,134,128,124,123,127,138,143,153,167,177,186,192,187,183,183,182,179,178,207,218,209,191,167,146,4023,1
663,2012-01-31,TERMICA,29,28,28,27,27,27,28,28,29,30,30,31,31,31,32,32,32,34,38,38,37,34,33,31,743,1
664,2012-02-29,COGENERADOR,1,1,1,1,1,1,1,1,1,1,1,1,1,1,1,1,1,1,1,1,1,1,1,1,31,2
665,2012-02-29,EOLICA,0,0,0,0,0,0,0,0,0,0,0,0,0,0,0,0,0,0,0,0,0,0,0,0,5,2
666,2012-02-29,HIDRAULICA,129,124,121,120,126,144,149,154,166,174,183,189,184,182,184,183,180,177,202,215,206,189,164,142,3986,2
667,2012-02-29,TERMICA,24,23,23,22,23,23,24,24,25,26,26,26,26,26,26,26,26,27,29,29,29,28,27,26,614,2
668,2012-03-31,COGENERADOR,1,1,1,1,1,1,1,1,1,1,1,1,1,1,1,1,1,1,1,1,1,1,1,1,34,3
669,2012-03-31,EOLICA,0,0,0,0,0,0,0,0,0,0,0,0,0,0,0,0,0,0,0,0,0,0,0,0,7,3
670,2012-03-31,HIDRAULICA,135,128,125,125,131,149,153,160,174,182,191,198,192,190,192,191,188,186,212,224,215,197,173,148,4159,3
671,2012-03-31,TERMICA,34,32,32,31,31,33,33,35,35,36,36,37,37,37,37,38,38,39,40,41,40,38,37,36,863,3
672,2012-04-30,COGENERADOR,1,1,1,1,1,1,1,1,1,1,1,1,1,1,1,1,1,1,1,1,1,1,1,1,27,4
673,2012-04-30,EOLICA,0,0,0,0,0,0,0,0,0,0,0,0,0,0,0,0,0,0,0,0,0,0,0,0,4,4
674,2012-04-30,HIDRAULICA,130,124,122,122,127,140,145,155,166,174,181,188,185,182,182,181,178,178,203,211,201,185,163,142,3966,4
675,2012-04-30,TERMICA,30,29,28,27,27,27,27,28,30,31,32,33,32,32,33,33,33,34,40,41,40,37,35,32,772,4
676,2012-05-31,COGENERADOR,1,1,1,1,1,1,1,1,1,1,1,1,1,1,1,1,1,1,1,1,1,1,1,1,24,5
677,2012-05-31,EOLICA,0,0,0,0,0,0,0,0,0,0,0,0,0,0,0,0,0,0,0,0,0,0,0,0,5,5
678,2012-05-31,HIDRAULICA,146,139,135,135,142,156,160,170,184,192,201,208,203,200,201,200,198,198,228,239,228,209,184,161,4413,5
679,2012-05-31,TERMICA,24,24,24,23,22,23,24,25,26,27,27,28,28,28,28,28,28,28,29,29,28,27,27,25,628,5
680,2012-06-30,COGENERADOR,1,1,1,1,1,1,1,1,1,1,1,1,1,1,1,1,1,1,1,1,1,1,1,1,33,6
681,2012-06-30,EOLICA,0,0,0,0,0,0,0,0,0,0,0,0,0,0,0,0,0,0,0,0,0,0,0,0,5,6
682,2012-06-30,HIDRAULICA,138,132,128,127,131,141,147,159,173,182,191,197,193,190,190,189,185,184,208,222,211,194,172,150,4135,6
683,2012-06-30,TERMICA,30,28,28,28,28,28,28,29,30,31,31,32,32,32,33,33,33,33,35,37,36,35,34,32,755,6
684,2012-07-31,COGENERADOR,1,1,1,1,1,1,1,1,1,1,1,1,1,1,1,1,1,1,1,1,1,1,1,1,30,7
685,2012-07-31,EOLICA,0,0,0,0,0,0,0,0,0,0,0,0,0,0,0,0,0,0,0,0,0,0,0,0,6,7
686,2012-07-31,HIDRAULICA,137,131,129,129,134,146,151,163,176,184,191,197,192,189,189,187,184,182,203,218,207,191,169,149,4126,7
687,2012-07-31,TERMICA,36,34,33,32,31,31,30,31,34,37,38,39,40,40,42,42,42,41,46,48,48,47,45,40,927,7
688,2012-08-31,COGENERADOR,1,1,1,1,1,1,1,1,1,1,1,1,1,1,1,1,1,1,1,1,1,1,1,1,32,8
689,2012-08-31,EOLICA,0,0,0,0,0,0,0,0,0,0,0,0,0,0,0,0,0,0,0,0,0,0,0,0,4,8
690,2012-08-31,HIDRAULICA,133,127,123,122,127,140,144,154,168,177,185,191,187,185,186,185,183,182,205,215,207,193,170,147,4040,8
691,2012-08-31,TERMICA,40,39,39,38,39,40,41,43,44,45,46,47,47,47,47,47,46,46,49,51,49,47,45,42,1062,8
692,2012-09-30,COGENERADOR,1,1,1,1,1,1,1,1,1,1,1,1,1,1,1,1,1,1,1,1,1,1,1,1,31,9
693,2012-09-30,EOLICA,0,0,0,0,0,0,0,0,0,0,0,0,0,0,0,0,0,0,0,0,0,0,0,0,4,9
694,2012-09-30,HIDRAULICA,123,117,115,114,119,131,134,144,156,164,172,178,173,171,172,170,168,168,194,198,190,175,154,133,3734,9
695,2012-09-30,TERMICA,53,51,49,49,49,51,52,54,57,59,60,60,60,60,60,61,60,61,63,64,63,62,60,57,1376,9
696,2012-10-31,COGENERADOR,1,1,1,1,1,1,1,1,1,1,1,1,1,1,1,1,1,1,1,1,1,1,1,1,33,10
697,2012-10-31,EOLICA,0,0,0,0,0,0,0,0,0,0,0,0,0,0,0,0,0,0,0,0,0,0,0,0,1,10
698,2012-10-31,HIDRAULICA,115,110,108,108,114,127,132,143,157,165,173,180,175,172,173,172,170,176,202,200,190,173,150,128,3713,10
699,2012-10-31,TERMICA,55,53,51,50,50,51,52,54,55,57,58,59,59,60,61,61,61,62,64,65,63,61,59,57,1380,10
700,2012-11-30,COGENERADOR,1,1,1,1,1,1,1,1,1,1,1,1,1,1,1,1,1,1,1,1,1,1,1,1,20,11
701,2012-11-30,EOLICA,0,0,0,0,0,0,0,0,0,0,0,0,0,0,0,0,0,0,0,0,0,0,0,0,3,11
702,2012-11-30,HIDRAULICA,122,116,114,113,117,127,131,142,154,161,169,176,171,168,170,169,167,175,201,198,188,172,151,131,3701,11
703,2012-11-30,TERMICA,48,46,45,45,46,48,49,52,54,56,58,58,59,60,59,59,59,60,63,64,62,61,58,53,1322,11
704,2012-12-31,COGENERADOR,1,1,1,1,1,1,1,1,1,1,1,1,1,1,1,1,1,1,1,1,1,1,1,1,25,12
705,2012-12-31,EOLICA,0,0,0,0,0,0,0,0,0,0,0,0,0,0,0,0,0,0,0,0,0,0,0,0,4,12
706,2012-12-31,HIDRAULICA,119,112,108,107,109,116,119,132,147,156,164,170,167,164,163,161,158,163,198,201,192,176,155,132,3587,12
707,2012-12-31,TERMICA,58,56,55,55,55,57,57,59,60,61,62,62,63,63,63,64,64,65,66,66,65,64,63,61,1465,12
708,2013-01-31,COGENERADOR,1,1,1,1,1,1,1,1,1,1,1,1,1,1,1,1,1,1,1,1,1,1,1,1,28,1
709,2013-01-31,EOLICA,0,0,0,0,0,0,0,0,0,0,0,0,0,0,0,0,0,0,0,0,0,0,0,0,6,1
710,2013-01-31,HIDRAULICA,109,103,99,98,100,110,114,126,142,151,161,171,167,165,165,163,160,158,185,194,185,167,144,121,3457,1
711,2013-01-31,TERMICA,66,64,63,63,64,64,65,65,66,66,66,66,67,67,67,68,68,69,70,71,71,70,69,68,1601,1
712,2013-02-28,COGENERADOR,1,1,1,1,1,1,1,1,1,1,1,1,1,1,1,1,1,1,1,1,1,1,1,1,28,2
713,2013-02-28,EOLICA,0,0,0,0,0,0,0,0,0,0,0,0,0,0,0,0,0,0,0,0,0,0,0,0,5,2
714,2013-02-28,HIDRAULICA,97,91,89,88,93,108,113,121,133,141,148,155,151,149,150,149,148,146,166,176,169,153,130,108,3174,2
715,2013-02-28,TERMICA,62,61,60,59,60,61,62,63,65,66,66,67,68,68,68,68,67,68,69,70,70,68,67,65,1568,2
716,2013-03-31,COGENERADOR,1,1,1,1,1,1,1,1,1,1,1,1,1,1,1,1,1,1,1,1,1,1,1,1,27,3
717,2013-03-31,EOLICA,0,0,0,0,0,0,0,0,0,0,0,0,0,0,0,0,0,0,0,0,0,0,0,0,5,3
718,2013-03-31,HIDRAULICA,128,122,119,118,122,135,137,148,161,168,176,181,177,174,174,173,170,169,191,200,193,178,158,140,3812,3
719,2013-03-31,TERMICA,51,50,48,48,48,50,51,52,54,55,57,59,59,59,60,60,59,59,63,65,64,61,57,53,1340,3
720,2013-04-30,COGENERADOR,1,1,1,1,1,1,1,1,1,1,1,1,1,1,1,1,1,1,1,1,1,1,1,1,29,4
721,2013-04-30,EOLICA,0,0,0,0,0,0,0,0,0,0,0,0,0,0,0,0,0,0,0,0,0,0,0,0,6,4
722,2013-04-30,HIDRAULICA,114,108,105,104,109,123,126,136,150,159,167,172,167,166,167,166,163,161,187,194,185,168,145,125,3565,4
723,2013-04-30,TERMICA,63,62,60,60,61,63,64,66,67,69,70,72,72,71,72,72,72,72,74,74,74,71,68,66,1637,4
724,2013-05-31,COGENERADOR,1,1,1,1,1,1,1,1,1,1,1,1,1,1,1,1,1,1,1,1,1,1,1,1,19,5
725,2013-05-31,EOLICA,0,0,0,0,0,0,0,0,0,0,0,0,0,0,0,0,0,0,0,0,0,0,0,0,5,5
726,2013-05-31,HIDRAULICA,134,127,123,122,128,141,147,157,172,180,188,193,188,185,186,185,182,182,204,211,203,187,168,148,4040,5
727,2013-05-31,TERMICA,49,48,47,47,47,48,49,51,54,56,57,58,58,58,59,59,59,60,63,64,63,61,55,51,1322,5
728,2013-06-30,COGENERADOR,1,1,1,1,1,1,1,1,1,1,1,1,1,1,1,1,1,1,1,1,1,1,1,1,32,6
729,2013-06-30,EOLICA,0,0,0,0,0,0,0,0,0,0,0,0,0,0,0,0,0,0,0,0,0,0,0,0,6,6
730,2013-06-30,HIDRAULICA,128,121,117,116,120,127,131,145,158,167,175,179,175,173,173,171,167,165,186,198,191,174,155,138,3748,6
731,2013-06-30,TERMICA,47,45,45,44,45,46,48,49,51,53,54,56,56,56,56,56,57,57,60,61,60,58,54,50,1266,6
732,2013-07-31,COGENERADOR,1,1,1,1,1,1,1,1,1,1,1,1,1,1,1,1,1,1,1,1,1,1,1,1,34,7
733,2013-07-31,EOLICA,0,0,0,0,0,0,0,0,0,0,0,0,0,0,0,0,0,0,0,0,0,0,0,0,7,7
734,2013-07-31,HIDRAULICA,113,107,103,102,106,117,122,135,151,161,170,177,172,170,171,169,166,161,182,197,187,168,145,125,3578,7
735,2013-07-31,TERMICA,67,66,66,65,66,67,68,68,69,70,71,72,72,72,73,73,74,74,76,77,77,76,74,71,1703,7
736,2013-08-31,COGENERADOR,1,1,1,1,1,1,1,1,1,1,1,1,1,1,1,1,1,1,1,1,1,1,1,1,34,8
737,2013-08-31,EOLICA,0,0,0,0,0,0,0,0,0,0,0,0,0,0,0,0,0,0,0,0,0,0,0,0,5,8
738,2013-08-31,HIDRAULICA,126,121,118,116,120,132,136,148,161,168,176,182,177,174,174,173,170,168,190,200,192,178,157,137,3796,8
739,2013-08-31,TERMICA,53,51,50,50,51,52,53,55,58,60,62,63,63,63,64,64,63,64,65,66,65,62,59,56,1411,8
740,2013-09-30,COGENERADOR,1,1,1,1,1,1,1,1,1,1,1,1,1,1,1,1,1,1,1,1,1,1,1,1,33,9
741,2013-09-30,EOLICA,0,0,0,0,0,0,0,0,0,0,0,0,0,0,0,0,0,0,0,0,0,0,0,0,3,9
742,2013-09-30,HIDRAULICA,134,129,125,124,128,140,143,153,164,172,179,184,181,178,179,178,176,176,200,203,194,181,163,144,3927,9
743,2013-09-30,TERMICA,40,39,38,38,39,41,43,45,47,50,52,54,53,54,55,55,54,54,58,58,57,52,47,44,1169,9
744,2013-10-31,COGENERADOR,1,1,1,1,1,1,1,1,1,1,1,1,1,1,1,1,1,1,1,1,1,1,1,1,34,10
745,2013-10-31,EOLICA,0,0,0,0,0,0,0,0,0,0,0,0,0,0,0,0,0,0,0,0,0,0,0,0,3,10
746,2013-10-31,HIDRAULICA,122,116,113,112,117,129,134,148,161,169,176,184,180,177,177,176,173,179,202,201,191,177,156,134,3805,10
747,2013-10-31,TERMICA,56,55,54,53,54,55,55,56,58,60,62,63,63,63,64,65,65,65,69,68,67,64,60,58,1453,10
748,2013-11-30,COGENERADOR,1,1,1,1,1,1,1,1,1,1,1,1,1,1,1,1,1,1,1,1,1,1,1,1,23,11
749,2013-11-30,EOLICA,0,0,0,0,0,0,0,0,0,0,0,0,0,0,0,0,0,0,0,0,0,0,0,0,3,11
750,2013-11-30,HIDRAULICA,119,113,109,107,111,121,126,138,151,160,167,173,169,166,166,165,162,168,190,187,178,164,145,127,3580,11
751,2013-11-30,TERMICA,60,59,59,59,60,61,61,61,63,63,64,65,65,66,66,66,67,69,72,72,72,69,65,63,1547,11
752,2013-12-31,COGENERADOR,1,1,1,1,1,1,1,1,1,1,1,1,1,1,1,1,1,1,1,1,1,1,1,1,32,12
753,2013-12-31,EOLICA,0,0,0,0,0,0,0,0,0,0,0,0,0,0,0,0,0,0,0,0,0,0,0,0,5,12
754,2013-12-31,HIDRAULICA,134,126,120,118,120,128,131,145,162,171,179,183,180,178,178,176,173,176,203,205,197,185,166,147,3881,12
755,2013-12-31,TERMICA,56,54,54,54,55,55,55,57,58,59,60,61,60,59,60,60,60,61,64,64,63,61,59,57,1406,12
756,2014-01-31,COGENERADOR,1,1,1,1,1,1,1,1,1,1,1,1,1,1,1,1,1,1,1,1,1,1,1,1,33,1
757,2014-01-31,EOLICA,0,0,0,0,0,0,0,0,0,0,0,0,0,0,0,0,0,0,0,0,0,0,0,0,6,1
758,2014-01-31,HIDRAULICA,127,120,115,113,116,125,128,138,153,162,171,177,174,172,173,171,167,164,188,195,187,172,153,136,3697,1
759,2014-01-31,TERMICA,60,58,58,57,58,60,62,64,66,67,68,69,69,69,69,69,69,70,71,71,71,70,68,65,1575,1
760,2014-02-28,COGENERADOR,1,1,1,1,1,1,1,1,1,1,1,1,1,1,1,1,1,1,1,1,1,1,1,1,32,2
761,2014-02-28,EOLICA,0,0,0,0,0,0,0,0,0,0,0,0,0,0,0,0,0,0,0,0,0,0,0,0,5,2
762,2014-02-28,HIDRAULICA,108,102,98,96,101,116,120,129,143,151,161,167,163,162,163,162,159,154,174,185,178,161,138,118,3407,2
763,2014-02-28,TERMICA,61,60,60,60,61,63,63,63,65,65,65,65,65,65,65,65,66,66,67,67,66,66,65,64,1537,2
764,2014-03-31,COGENERADOR,2,2,2,2,2,2,2,2,1,1,1,1,1,1,1,1,1,1,1,1,2,2,2,2,36,3
765,2014-03-31,EOLICA,0,0,0,0,0,0,0,0,0,0,0,0,0,0,0,0,0,0,0,0,0,0,0,0,6,3
766,2014-03-31,HIDRAULICA,136,130,126,124,130,144,147,155,167,174,182,187,183,182,182,181,178,177,198,208,201,184,163,145,3983,3
767,2014-03-31,TERMICA,50,48,47,47,47,49,50,52,55,58,61,63,62,62,62,63,61,60,64,65,63,61,58,53,1359,3
768,2014-04-30,COGENERADOR,1,1,1,1,1,1,1,1,1,1,1,1,1,1,1,1,1,1,1,1,1,1,1,1,33,4
769,2014-04-30,EOLICA,0,0,0,0,0,0,0,0,0,0,0,0,0,0,0,0,0,0,0,0,0,0,0,0,7,4
770,2014-04-30,HIDRAULICA,110,107,103,103,107,118,120,130,143,152,160,166,161,158,159,159,155,152,178,187,178,160,138,119,3423,4
771,2014-04-30,TERMICA,69,66,65,64,65,66,67,69,71,73,74,75,76,77,77,77,77,77,78,78,77,77,76,74,1746,4
772,2014-05-31,COGENERADOR,1,1,1,1,1,1,1,1,1,1,1,1,1,1,1,1,1,1,1,1,1,1,1,1,32,5
773,2014-05-31,EOLICA,0,0,0,0,0,0,0,0,0,0,0,0,0,0,0,0,0,0,0,0,0,0,0,0,6,5
774,2014-05-31,HIDRAULICA,108,101,97,95,100,112,118,131,146,156,166,173,167,164,164,162,158,156,181,190,179,161,137,118,3440,5
775,2014-05-31,TERMICA,78,78,78,78,79,80,79,80,80,80,80,80,81,82,82,83,83,83,84,84,84,84,84,83,1947,5
776,2014-06-30,COGENERADOR,2,2,2,2,2,2,2,2,2,2,2,2,2,2,2,2,2,2,2,2,2,2,2,2,46,6
777,2014-06-30,EOLICA,0,0,0,0,0,0,0,0,0,0,0,0,0,0,0,0,0,0,0,0,0,0,0,0,8,6
778,2014-06-30,HIDRAULICA,106,100,97,96,99,107,112,125,140,150,158,163,160,159,160,158,153,149,170,182,173,156,136,118,3327,6
779,2014-06-30,TERMICA,76,74,73,73,73,74,74,76,77,77,78,78,78,78,77,77,78,79,80,81,80,80,79,77,1848,6
780,2014-07-31,COGENERADOR,2,2,2,2,2,2,2,2,2,2,2,2,2,2,2,2,2,2,2,2,2,2,2,2,45,7
781,2014-07-31,EOLICA,0,0,0,0,0,0,0,0,0,0,0,0,0,0,0,0,0,0,0,0,0,0,0,0,9,7
782,2014-07-31,HIDRAULICA,129,124,121,120,124,135,141,152,164,173,183,188,183,181,182,181,177,171,188,203,194,176,156,140,3887,7
783,2014-07-31,TERMICA,60,57,56,55,56,57,58,61,65,68,69,69,70,70,70,70,70,70,72,73,73,72,69,65,1574,7
784,2014-08-31,COGENERADOR,2,2,2,2,2,2,2,2,2,2,2,2,2,2,2,2,2,2,2,2,2,2,2,2,44,8
785,2014-08-31,EOLICA,0,0,0,0,0,0,0,0,0,0,0,0,0,0,0,0,0,0,0,0,0,0,0,0,5,8
786,2014-08-31,HIDRAULICA,129,123,120,119,122,132,136,148,160,169,178,184,179,177,178,177,173,170,192,203,196,178,158,140,3844,8
787,2014-08-31,TERMICA,59,56,55,54,56,58,58,60,64,65,66,66,66,67,67,67,68,68,68,69,68,67,66,62,1519,8
788,2014-09-30,COGENERADOR,2,2,2,2,2,2,2,2,2,2,2,2,2,2,2,2,2,2,2,2,2,2,2,2,43,9
789,2014-09-30,EOLICA,0,0,0,0,0,0,0,0,0,0,0,0,0,0,0,0,0,0,0,0,0,0,0,0,5,9
790,2014-09-30,HIDRAULICA,131,124,120,119,124,138,141,152,167,175,184,188,183,181,183,182,179,178,202,206,198,183,162,143,3944,9
791,2014-09-30,TERMICA,55,55,54,54,54,56,57,59,60,61,62,62,63,63,63,63,63,63,63,63,62,62,60,58,1435,9
792,2014-10-31,COGENERADOR,2,2,2,2,2,2,2,2,2,2,2,2,2,2,2,2,2,2,2,2,2,2,2,2,46,10
793,2014-10-31,EOLICA,0,0,0,0,0,0,0,0,0,0,0,0,0,0,0,0,0,0,0,0,0,0,0,0,4,10
794,2014-10-31,HIDRAULICA,128,121,117,116,121,133,136,147,162,171,180,186,181,179,180,178,175,179,204,202,192,175,155,138,3857,10
795,2014-10-31,TERMICA,62,62,61,61,61,62,63,65,67,68,69,69,70,69,70,70,70,71,72,73,72,71,68,65,1612,10
796,2014-11-30,COGENERADOR,2,2,2,2,2,2,2,2,2,2,2,1,2,1,1,2,1,2,2,2,2,2,2,2,38,11
797,2014-11-30,EOLICA,0,0,0,0,0,0,0,0,0,0,0,0,0,0,0,0,0,0,0,0,0,0,0,0,4,11
798,2014-11-30,HIDRAULICA,134,128,124,122,126,136,140,152,167,175,183,188,185,182,183,183,180,186,208,206,197,182,162,145,3974,11
799,2014-11-30,TERMICA,54,53,53,52,53,55,55,56,57,58,58,58,58,59,58,57,58,59,61,61,61,60,59,57,1370,11
800,2014-12-31,COGENERADOR,2,2,2,2,2,2,2,2,2,2,2,2,2,2,2,2,2,2,2,2,2,2,2,2,45,12
801,2014-12-31,EOLICA,0,0,0,0,0,0,0,0,0,0,0,0,0,0,0,0,0,0,0,0,0,0,0,0,5,12
802,2014-12-31,HIDRAULICA,138,131,126,124,127,133,134,147,163,173,182,187,184,182,181,179,175,178,206,208,200,186,166,148,3959,12
803,2014-12-31,TERMICA,58,57,57,57,57,58,60,62,64,65,65,65,66,66,66,66,67,67,68,68,67,67,66,63,1521,12
804,2015-01-31,COGENERADOR,2,2,2,2,2,2,2,2,2,2,2,2,2,2,2,2,2,2,2,2,2,2,2,2,39,1
805,2015-01-31,EOLICA,0,0,0,0,0,0,0,0,0,0,0,0,0,0,0,0,0,0,0,0,0,0,0,0,6,1
806,2015-01-31,HIDRAULICA,124,118,114,112,114,122,124,135,150,160,169,176,173,171,172,170,166,162,187,196,188,173,153,136,3664,1
807,2015-01-31,TERMICA,66,65,63,63,65,67,68,70,71,72,72,73,72,72,72,73,72,73,74,74,73,73,71,69,1684,1
808,2015-02-28,COGENERADOR,2,2,2,2,2,2,2,2,2,2,2,2,2,2,2,2,2,2,2,2,2,2,2,2,39,2
809,2015-02-28,EOLICA,0,0,0,0,0,0,0,0,0,0,0,0,0,0,0,0,0,0,0,0,0,0,0,0,5,2
810,2015-02-28,HIDRAULICA,129,122,118,117,122,136,139,146,158,165,174,179,174,174,176,175,172,167,188,201,195,179,157,140,3805,2
811,2015-02-28,TERMICA,49,48,48,48,48,49,50,50,52,53,53,54,54,54,55,55,55,54,55,56,54,54,52,50,1252,2
812,2015-03-31,COGENERADOR,2,2,2,2,2,2,2,2,2,2,2,2,2,2,2,2,2,2,2,2,2,2,2,2,44,3
813,2015-03-31,EOLICA,0,0,0,0,0,0,0,0,0,0,0,0,0,0,0,0,0,0,0,0,0,0,0,0,6,3
814,2015-03-31,HIDRAULICA,134,127,122,120,125,139,142,152,167,177,187,193,189,188,190,189,186,181,202,213,205,189,165,146,4025,3
815,2015-03-31,TERMICA,63,63,62,62,62,64,64,65,66,67,67,67,67,67,67,68,67,67,69,70,69,69,68,65,1584,3
816,2015-04-30,COGENERADOR,2,2,2,2,2,2,2,2,2,2,2,2,2,2,2,2,2,2,2,2,2,2,2,2,44,4
817,2015-04-30,EOLICA,0,0,0,0,0,0,0,0,0,0,0,0,0,0,0,0,0,0,0,0,0,0,0,0,6,4
818,2015-04-30,HIDRAULICA,135,128,124,123,127,139,142,154,169,178,189,194,190,189,191,189,186,181,206,214,206,188,167,148,4057,4
819,2015-04-30,TERMICA,48,48,47,47,48,49,49,49,50,51,51,52,51,52,52,52,51,52,54,55,54,54,52,50,1215,4
820,2015-05-31,COGENERADOR,2,2,2,2,2,2,2,2,2,2,2,2,2,1,2,1,1,2,2,1,2,2,2,2,37,5
821,2015-05-31,EOLICA,0,0,0,0,0,0,0,0,0,0,0,0,0,0,0,0,0,0,0,0,0,0,0,0,6,5
822,2015-05-31,HIDRAULICA,130,122,118,117,121,132,137,150,164,175,185,191,186,184,185,183,178,174,199,208,199,182,161,141,3921,5
823,2015-05-31,TERMICA,68,67,66,65,66,67,66,67,68,68,68,69,70,70,71,72,72,73,74,75,74,74,72,71,1675,5
824,2015-06-30,COGENERADOR,2,2,2,2,2,2,2,2,2,2,2,2,2,2,2,2,2,2,2,2,2,2,2,2,44,6
825,2015-06-30,EOLICA,0,0,0,0,0,0,0,0,0,0,0,0,0,0,0,0,0,0,0,0,0,0,0,0,7,6
826,2015-06-30,HIDRAULICA,133,127,124,122,126,133,136,148,162,170,178,184,180,178,178,177,174,170,187,198,191,177,159,144,3855,6
827,2015-06-30,TERMICA,57,56,54,54,55,56,57,60,62,64,65,66,66,67,67,67,66,67,69,70,69,68,65,61,1506,6
828,2015-07-31,COGENERADOR,2,2,2,2,2,2,2,2,2,2,2,2,2,2,2,2,2,2,2,2,2,2,2,2,46,7
829,2015-07-31,EOLICA,0,0,0,0,0,0,0,0,0,0,0,0,0,0,0,0,0,0,0,0,0,0,0,0,7,7
830,2015-07-31,HIDRAULICA,139,132,127,126,130,141,145,158,173,182,191,197,192,190,192,191,186,181,199,213,205,189,170,152,4102,7
831,2015-07-31,TERMICA,59,58,57,56,57,58,58,60,62,64,65,66,66,66,66,67,67,67,67,69,68,67,65,62,1518,7
832,2015-08-31,COGENERADOR,2,2,2,2,2,2,2,2,2,2,2,2,2,2,2,2,2,2,2,2,2,2,2,2,45,8
833,2015-08-31,EOLICA,0,0,0,0,0,0,0,0,0,0,0,0,0,0,0,0,0,0,0,0,0,0,0,0,6,8
834,2015-08-31,HIDRAULICA,148,141,137,135,139,150,153,164,177,185,195,201,197,196,196,194,190,187,209,222,215,198,178,159,4262,8
835,2015-08-31,TERMICA,54,53,52,52,53,54,53,55,58,61,62,62,62,62,63,63,63,62,62,62,62,61,59,58,1408,8
836,2015-09-30,COGENERADOR,2,2,2,2,2,2,2,2,2,2,2,2,2,2,2,2,2,2,2,2,2,2,2,2,43,9
837,2015-09-30,EOLICA,0,0,0,0,0,0,0,0,0,0,0,0,0,0,0,0,0,0,0,0,0,0,0,0,4,9
838,2015-09-30,HIDRAULICA,126,119,114,112,116,127,130,142,156,166,175,180,176,175,177,176,171,168,192,197,189,176,156,137,3754,9
839,2015-09-30,TERMICA,76,75,75,75,76,78,78,79,80,81,81,82,82,82,83,83,83,84,85,85,84,83,80,78,1926,9
840,2015-10-31,COGENERADOR,2,2,2,2,2,2,2,2,2,2,2,2,2,2,2,2,2,2,2,2,2,2,2,2,53,10
841,2015-10-31,EOLICA,0,0,0,0,0,0,0,0,0,0,0,0,0,0,0,0,0,0,0,0,0,0,0,0,4,10
842,2015-10-31,HIDRAULICA,98,91,86,83,88,98,102,116,132,142,151,157,152,152,153,152,148,151,175,174,166,151,129,109,3154,10
843,2015-10-31,TERMICA,104,102,102,103,104,105,105,106,107,107,107,107,108,107,107,107,107,108,109,109,108,108,107,107,2548,10
844,2015-11-30,COGENERADOR,2,2,2,2,2,2,2,2,2,2,2,2,2,2,2,2,2,2,2,2,2,2,2,2,42,11
845,2015-11-30,EOLICA,0,0,0,0,0,0,0,0,0,0,0,0,0,0,0,0,0,0,0,0,0,0,0,0,4,11
846,2015-11-30,HIDRAULICA,92,86,82,81,85,95,99,112,127,137,145,150,145,145,145,144,141,147,171,169,160,144,123,104,3026,11
847,2015-11-30,TERMICA,99,96,96,96,97,97,97,98,97,97,98,99,99,99,99,99,99,100,101,102,102,101,100,100,2366,11
848,2015-12-31,COGENERADOR,2,2,2,2,2,2,2,2,2,2,2,2,2,2,2,2,2,2,2,2,2,2,2,2,51,12
849,2015-12-31,EOLICA,0,0,0,0,0,0,0,0,0,0,0,0,0,0,0,0,0,0,0,0,0,0,0,0,7,12
850,2015-12-31,HIDRAULICA,98,91,86,84,87,93,96,111,128,138,146,152,148,147,147,145,140,140,167,168,160,148,128,109,3056,12
851,2015-12-31,TERMICA,107,104,104,104,104,105,105,105,106,107,108,108,108,108,108,108,109,111,113,114,113,111,110,110,2590,12
852,2016-01-31,COGENERADOR,2,2,2,2,2,2,2,2,2,2,2,2,2,2,2,2,2,2,2,2,2,2,2,2,53,1
853,2016-01-31,EOLICA,0,0,0,0,0,0,0,0,0,0,0,0,0,0,0,0,0,0,0,0,0,0,0,0,5,1
854,2016-01-31,HIDRAULICA,85,78,73,70,73,83,86,98,113,125,137,144,142,141,141,139,134,129,152,160,152,141,120,98,2813,1
855,2016-01-31,TERMICA,116,115,115,115,115,114,113,113,114,112,111,111,110,110,111,112,112,113,116,116,116,113,114,117,2722,1
856,2016-02-29,COGENERADOR,2,2,2,2,2,2,2,2,2,2,2,2,2,2,2,2,2,2,2,2,2,2,3,2,57,2
857,2016-02-29,EOLICA,0,0,0,0,0,0,0,0,0,0,0,0,0,0,0,0,0,0,0,0,0,0,0,0,6,2
858,2016-02-29,HIDRAULICA,83,76,72,70,75,90,94,103,117,127,137,143,139,140,144,142,138,131,149,160,152,139,117,96,2836,2
859,2016-02-29,TERMICA,108,108,107,107,108,108,107,107,107,106,106,106,105,105,104,105,106,107,108,108,109,108,108,109,2567,2
860,2016-03-31,COGENERADOR,3,3,3,3,3,3,3,3,3,3,3,3,3,3,3,3,3,3,3,3,3,3,3,3,63,3
861,2016-03-31,EOLICA,0,0,0,0,0,0,0,0,0,0,0,0,0,0,0,0,0,0,0,0,0,0,0,0,6,3
862,2016-03-31,HIDRAULICA,72,64,61,58,62,75,76,87,102,112,122,130,126,125,127,126,121,116,138,149,141,125,104,84,2504,3
863,2016-03-31,TERMICA,119,119,118,118,119,119,118,118,119,118,118,117,118,118,118,118,119,119,120,120,120,120,120,120,2849,3
864,2016-04-30,COGENERADOR,3,3,3,3,3,3,3,3,3,2,2,2,2,2,3,2,2,2,3,3,3,3,3,3,61,4
865,2016-04-30,EOLICA,0,0,0,0,0,0,0,0,0,0,0,0,0,0,0,0,0,0,0,0,0,0,0,0,4,4
866,2016-04-30,HIDRAULICA,104,99,95,94,98,111,111,122,138,148,158,164,159,159,161,159,156,151,171,178,171,157,136,117,3314,4
867,2016-04-30,TERMICA,81,79,78,78,78,79,80,82,82,81,81,80,81,81,81,81,81,81,83,84,85,84,84,83,1947,4
868,2016-05-31,COGENERADOR,1,1,1,1,1,1,1,1,1,1,1,1,1,1,1,1,1,1,1,1,1,1,1,1,34,5
869,2016-05-31,EOLICA,0,0,0,0,0,0,0,0,0,0,0,0,0,0,0,0,0,0,0,0,0,0,0,0,4,5
870,2016-05-31,HIDRAULICA,147,141,138,136,141,151,153,164,177,188,198,204,200,199,201,200,195,190,215,223,212,197,177,158,4305,5
871,2016-05-31,TERMICA,46,44,43,43,43,43,44,47,49,48,48,48,48,48,48,49,49,50,50,51,52,52,51,48,1141,5
872,2016-06-30,COGENERADOR,2,2,2,2,2,2,2,2,2,1,1,1,1,1,1,1,1,2,2,2,2,2,2,2,36,6
873,2016-06-30,EOLICA,0,0,0,0,0,0,0,0,0,0,0,0,0,0,0,0,0,0,0,0,0,0,0,0,6,6
874,2016-06-30,HIDRAULICA,143,137,133,131,134,140,144,156,171,179,188,193,190,189,190,189,185,181,201,213,205,192,173,155,4110,6
875,2016-06-30,TERMICA,47,46,45,45,46,47,47,49,51,52,52,53,53,53,54,54,53,53,52,52,52,51,50,49,1206,6
876,2016-07-31,COGENERADOR,2,2,2,2,2,2,2,2,2,2,2,2,2,2,2,2,2,2,2,2,2,2,2,2,43,7
877,2016-07-31,EOLICA,0,0,0,0,0,0,0,0,0,0,0,0,0,0,0,0,0,0,0,0,0,0,0,0,7,7
878,2016-07-31,HIDRAULICA,152,147,143,142,147,156,158,170,185,195,203,209,205,204,204,203,199,194,213,227,218,202,182,164,4422,7
879,2016-07-31,TERMICA,43,41,40,39,37,38,38,39,40,41,41,42,42,42,43,43,42,42,43,43,44,46,45,44,998,7
880,2016-08-31,COGENERADOR,2,2,2,2,2,3,2,2,2,2,2,2,2,2,2,2,2,2,2,2,2,2,2,2,56,8
881,2016-08-31,EOLICA,0,0,0,0,0,0,0,0,0,0,0,0,0,0,0,0,0,0,0,0,0,0,0,0,6,8
882,2016-08-31,HIDRAULICA,158,151,147,145,149,161,163,175,189,198,207,213,208,207,210,209,205,201,222,232,225,210,189,170,4546,8
883,2016-08-31,TERMICA,44,43,42,42,42,43,43,45,46,48,49,50,50,50,50,50,50,49,49,50,50,49,48,46,1129,8
884,2016-09-30,COGENERADOR,2,2,2,2,2,2,2,2,2,2,2,2,2,2,2,2,2,2,2,2,2,2,2,2,53,9
885,2016-09-30,EOLICA,0,0,0,0,0,0,0,0,0,0,0,0,0,0,0,0,0,0,0,0,0,0,0,0,3,9
886,2016-09-30,HIDRAULICA,157,151,147,146,151,163,165,176,190,197,205,209,203,202,204,203,200,199,224,228,219,203,186,169,4495,9
887,2016-09-30,TERMICA,36,35,34,34,34,34,35,36,38,41,43,45,45,46,47,47,46,45,45,46,47,45,41,38,985,9
888,2016-10-31,COGENERADOR,2,2,2,2,2,2,2,2,2,2,2,2,2,2,2,2,2,2,2,2,2,2,2,2,57,10
889,2016-10-31,EOLICA,0,0,0,0,0,0,0,0,0,0,0,0,0,0,0,0,0,0,0,0,0,0,0,0,1,10
890,2016-10-31,HIDRAULICA,150,145,141,139,144,153,156,170,183,190,197,201,197,195,196,195,191,195,218,217,208,192,176,159,4306,10
891,2016-10-31,TERMICA,45,44,43,43,43,44,44,45,46,49,52,54,54,54,55,55,55,55,58,59,59,58,53,49,1217,10
892,2016-11-30,COGENERADOR,2,2,2,2,2,2,2,2,2,2,2,2,2,2,2,2,2,2,2,2,2,2,2,2,43,11
893,2016-11-30,EOLICA,0,0,0,0,0,0,0,0,0,0,0,0,0,0,0,0,0,0,0,0,0,0,0,0,1,11
894,2016-11-30,HIDRAULICA,154,148,144,142,147,156,160,171,185,193,201,206,202,200,202,201,199,206,228,226,217,202,183,165,4437,11
895,2016-11-30,TERMICA,35,34,34,34,34,35,36,38,39,40,41,42,42,42,43,42,42,41,43,43,43,41,40,37,943,11
896,2016-12-31,COGENERADOR,2,2,2,2,2,2,2,2,2,2,2,2,2,2,2,2,2,2,2,2,2,2,2,2,43,12
897,2016-12-31,EOLICA,0,0,0,0,0,0,0,0,0,0,0,0,0,0,0,0,0,0,0,0,0,0,0,0,2,12
898,2016-12-31,HIDRAULICA,167,159,154,153,156,162,165,180,195,206,214,220,217,215,215,213,210,212,238,238,229,215,197,179,4711,12
899,2016-12-31,TERMICA,32,31,30,29,29,30,31,31,32,32,33,34,33,33,34,34,33,33,36,36,36,36,35,33,789,12
900,2017-01-31,COGENERADOR,2,2,2,2,2,2,2,2,2,2,2,2,2,2,2,2,2,2,2,2,2,2,2,2,57,1
901,2017-01-31,HIDRAULICA,167,161,156,155,159,168,171,181,195,204,213,219,216,215,215,214,210,206,228,235,227,214,195,178,4700,1
902,2017-01-31,TERMICA,26,24,24,23,23,23,23,24,26,27,28,29,29,29,30,30,30,30,33,34,34,32,30,28,668,1
903,2017-02-28,COGENERADOR,2,2,2,2,2,2,2,2,2,2,2,2,2,2,2,2,2,2,2,2,2,2,2,2,55,2
904,2017-02-28,HIDRAULICA,147,141,137,136,141,154,156,163,175,183,191,196,192,192,193,192,189,184,202,212,205,192,173,156,4202,2
905,2017-02-28,TERMICA,34,33,33,33,33,34,35,36,38,39,40,41,40,41,43,43,42,41,42,43,43,42,40,37,926,2
906,2017-03-31,COGENERADOR,2,2,2,2,2,2,2,2,2,2,2,2,2,2,2,2,2,2,2,2,2,2,2,2,57,3
907,2017-03-31,HIDRAULICA,158,153,150,149,154,169,171,179,193,202,209,213,210,208,209,209,205,203,223,231,222,206,186,169,4581,3
908,2017-03-31,TERMICA,34,32,32,31,32,32,33,34,34,35,36,37,37,38,40,39,39,37,41,43,43,41,39,36,875,3
909,2017-04-30,COGENERADOR,2,2,2,2,2,2,2,2,2,2,2,2,2,2,2,2,2,2,2,2,2,2,2,2,51,4
910,2017-04-30,EOLICA,0,0,0,0,0,0,0,0,0,0,0,0,0,0,0,0,0,0,0,0,0,0,0,0,0,4
911,2017-04-30,HIDRAULICA,167,161,158,157,161,171,171,182,196,204,213,218,215,213,213,212,209,205,228,235,226,211,191,176,4693,4
912,2017-04-30,TERMICA,26,24,23,23,23,23,24,25,26,27,28,28,28,29,30,30,29,28,30,32,33,33,31,29,662,4
913,2017-05-31,COGENERADOR,1,1,1,1,1,1,1,1,1,1,1,1,1,1,1,1,1,1,1,1,1,1,1,1,29,5
914,2017-05-31,EOLICA,0,0,0,0,0,0,0,0,0,0,0,0,0,0,0,0,0,0,0,0,0,0,0,0,1,5
915,2017-05-31,HIDRAULICA,176,171,168,167,172,182,186,199,214,222,230,234,231,229,229,228,225,224,244,250,242,227,206,187,5043,5
916,2017-05-31,TERMICA,24,21,20,20,20,20,20,21,22,23,24,25,25,26,27,27,26,24,27,29,30,29,28,26,587,5
917,2017-06-30,COGENERADOR,2,2,2,2,2,2,2,2,2,2,2,2,2,2,2,2,2,2,2,2,2,2,2,2,42,6
918,2017-06-30,EOLICA,0,0,0,0,0,0,0,0,0,0,0,0,0,0,0,0,0,0,0,0,0,0,0,0,0,6
919,2017-06-30,HIDRAULICA,174,168,163,161,165,172,177,190,205,214,223,229,226,224,225,224,220,216,235,244,236,222,202,185,4897,6
920,2017-06-30,TERMICA,21,20,20,20,20,20,21,21,22,22,23,23,23,24,24,25,24,23,24,26,27,26,25,23,546,6
921,2017-07-31,COGENERADOR,2,2,2,2,2,2,2,2,2,2,2,2,2,2,2,2,2,2,2,2,2,2,2,2,57,7
922,2017-07-31,HIDRAULICA,180,174,170,167,172,181,184,197,212,222,231,236,232,231,232,230,227,222,240,252,244,230,209,192,5068,7
923,2017-07-31,TERMICA,21,20,19,19,19,19,20,20,21,21,22,22,22,22,23,23,23,22,23,25,26,25,25,23,526,7
924,2017-08-31,COGENERADOR,3,3,3,3,3,3,3,3,3,3,3,2,2,2,3,3,3,3,3,3,3,3,3,3,62,8
925,2017-08-31,EOLICA,0,0,0,0,0,0,0,0,0,0,0,0,0,0,0,0,0,0,0,0,0,0,0,0,0,8
926,2017-08-31,HIDRAULICA,178,171,167,166,171,184,185,197,211,220,229,236,231,230,231,230,226,222,242,252,244,229,207,190,5048,8
927,2017-08-31,SOLAR,0,0,0,0,0,0,0,0,0,0,0,0,0,0,0,0,0,0,0,0,0,0,0,0,0,8
928,2017-08-31,TERMICA,25,24,23,22,23,23,24,24,26,27,27,28,28,29,31,31,30,28,29,32,32,32,30,27,656,8
929,2017-09-30,COGENERADOR,2,2,3,3,3,3,3,3,2,2,2,2,2,2,2,2,2,2,2,2,2,2,2,2,59,9
930,2017-09-30,EOLICA,0,0,0,0,0,0,0,0,0,0,0,0,0,0,0,0,0,0,0,0,0,0,0,0,0,9
931,2017-09-30,HIDRAULICA,167,161,157,156,161,172,174,187,199,207,216,221,218,217,218,217,214,213,236,238,230,215,194,178,4766,9
932,2017-09-30,SOLAR,0,0,0,0,0,0,0,0,0,0,0,0,0,0,0,0,0,0,0,0,0,0,0,0,1,9
933,2017-09-30,TERMICA,30,29,28,27,27,28,29,30,33,34,35,36,35,36,37,37,35,34,36,37,37,36,34,32,791,9
934,2017-10-31,COGENERADOR,3,3,3,3,3,3,3,2,2,2,2,2,2,2,2,2,2,2,2,2,3,3,3,3,61,10
935,2017-10-31,EOLICA,0,0,0,0,0,0,0,0,0,0,0,0,0,0,0,0,0,0,0,0,0,0,0,0,0,10
936,2017-10-31,HIDRAULICA,167,161,158,156,161,171,174,186,200,209,217,223,219,219,219,218,215,219,242,241,232,217,196,180,4801,10
937,2017-10-31,SOLAR,0,0,0,0,0,0,0,0,0,0,0,0,0,0,0,0,0,0,0,0,0,0,0,0,1,10
938,2017-10-31,TERMICA,34,32,31,31,31,32,33,34,36,37,38,38,38,38,40,39,38,38,39,40,41,39,37,35,872,10
939,2017-11-30,COGENERADOR,2,2,2,2,2,2,2,2,2,2,2,2,2,2,2,2,2,2,2,2,2,2,2,2,47,11
940,2017-11-30,EOLICA,0,0,0,0,0,0,0,0,0,0,0,0,0,0,0,0,0,0,0,0,0,0,0,0,0,11
941,2017-11-30,HIDRAULICA,163,157,152,151,156,166,170,182,195,204,212,218,215,213,214,213,210,215,237,236,227,212,192,175,4684,11
942,2017-11-30,SOLAR,0,0,0,0,0,0,0,0,0,0,0,0,0,0,0,0,0,0,0,0,0,0,0,0,1,11
943,2017-11-30,TERMICA,32,30,30,30,31,31,32,32,34,34,35,36,36,36,37,37,36,36,38,38,38,37,35,33,822,11
944,2017-12-31,COGENERADOR,2,2,2,2,2,2,2,2,2,2,2,2,2,2,2,2,2,2,2,2,2,2,2,2,56,12
945,2017-12-31,EOLICA,0,0,0,0,0,0,0,0,0,0,0,0,0,0,0,0,0,0,0,0,0,0,0,0,1,12
946,2017-12-31,HIDRAULICA,174,166,161,159,162,168,171,186,202,212,220,226,224,223,222,220,216,216,242,243,235,222,203,186,4861,12
947,2017-12-31,SOLAR,0,0,0,0,0,0,0,0,0,0,0,0,0,0,0,0,0,0,0,0,0,0,0,0,1,12
948,2017-12-31,TERMICA,30,29,28,28,28,29,29,29,30,30,31,31,31,32,33,33,33,33,36,35,35,34,33,32,751,12
949,2018-01-31,COGENERADOR,3,3,3,3,3,3,3,3,3,2,2,2,2,2,2,2,2,3,3,3,3,3,3,3,61,1
950,2018-01-31,EOLICA,0,0,0,0,0,0,0,0,0,0,0,0,0,0,0,0,0,0,0,0,0,0,0,0,2,1
951,2018-01-31,HIDRAULICA,157,152,149,148,151,159,161,173,188,197,206,212,210,208,209,207,203,199,221,227,219,205,185,168,4515,1
952,2018-01-31,SOLAR,0,0,0,0,0,0,0,0,0,0,0,0,0,0,0,0,0,0,0,0,0,0,0,0,1,1
953,2018-01-31,TERMICA,38,36,34,33,33,34,34,35,35,36,37,38,38,39,40,40,40,39,43,44,45,45,44,41,920,1
954,2018-02-28,COGENERADOR,3,3,3,3,3,3,3,3,3,3,3,3,3,3,3,3,3,3,3,3,3,3,3,3,63,2
955,2018-02-28,EOLICA,0,0,0,0,0,0,0,0,0,0,0,0,0,0,0,0,0,0,0,0,0,0,0,0,2,2
956,2018-02-28,HIDRAULICA,127,122,119,119,124,139,142,150,160,167,174,179,175,174,176,175,173,169,185,194,186,172,153,136,3788,2
957,2018-02-28,SOLAR,0,0,0,0,0,0,0,0,0,0,0,0,0,0,0,0,0,0,0,0,0,0,0,0,1,2
958,2018-02-28,TERMICA,55,53,52,51,51,51,50,51,53,55,57,58,58,59,61,61,59,57,60,61,62,62,61,59,1358,2
959,2018-03-31,COGENERADOR,3,3,3,3,3,3,3,3,3,3,3,3,3,3,3,3,3,3,3,3,3,3,3,3,65,3
960,2018-03-31,EOLICA,0,0,0,0,0,0,0,0,0,0,0,0,0,0,0,0,0,0,0,0,0,0,0,0,3,3
961,2018-03-31,HIDRAULICA,151,145,142,141,145,158,160,170,183,192,201,206,202,201,202,200,197,193,211,219,211,197,177,161,4363,3
962,2018-03-31,SOLAR,0,0,0,0,0,0,0,0,0,0,0,0,0,0,0,0,0,0,0,0,0,0,0,0,1,3
963,2018-03-31,TERMICA,54,53,51,50,50,51,51,51,53,54,55,56,57,58,60,60,58,57,61,63,63,63,61,58,1348,3
964,2018-04-30,COGENERADOR,2,2,2,2,2,3,2,2,2,2,2,2,2,2,2,2,2,2,2,2,2,2,2,2,57,4
965,2018-04-30,EOLICA,0,0,0,0,0,0,0,0,0,0,0,0,0,0,0,0,0,0,0,0,0,0,0,0,3,4
966,2018-04-30,HIDRAULICA,166,161,159,158,165,177,179,191,203,209,217,222,218,216,218,217,215,212,230,235,227,213,193,177,4776,4
967,2018-04-30,SOLAR,0,0,0,0,0,0,0,0,0,0,0,0,0,0,0,0,0,0,0,0,0,0,0,0,1,4
968,2018-04-30,TERMICA,30,27,25,24,24,25,25,25,27,30,31,32,32,34,35,35,33,32,36,38,39,38,36,32,745,4
969,2018-05-31,COGENERADOR,2,2,2,2,2,2,2,2,2,2,2,1,1,2,2,2,2,2,2,2,2,2,2,2,38,5
970,2018-05-31,EOLICA,0,0,0,0,0,0,0,0,0,0,0,0,0,0,0,0,0,0,0,0,0,0,0,0,3,5
971,2018-05-31,HIDRAULICA,175,169,165,163,168,175,180,192,204,212,220,225,221,220,221,220,217,216,242,250,241,227,205,187,4912,5
972,2018-05-31,SOLAR,0,0,0,0,0,0,0,0,0,0,0,0,0,0,0,0,0,0,0,0,0,0,0,0,1,5
973,2018-05-31,TERMICA,30,28,27,28,28,33,32,33,35,36,38,39,39,40,41,40,39,37,34,34,35,34,34,32,827,5
974,2018-06-30,COGENERADOR,2,2,2,2,2,2,2,2,2,2,2,2,2,2,2,2,2,2,2,2,2,2,2,2,57,6
975,2018-06-30,EOLICA,0,0,0,0,0,0,0,0,0,0,0,0,0,0,0,0,0,0,0,0,0,0,0,0,4,6
976,2018-06-30,HIDRAULICA,174,168,164,162,164,170,174,188,202,210,218,224,220,218,218,216,213,211,232,242,235,222,203,186,4832,6
977,2018-06-30,SOLAR,0,0,0,0,0,0,0,0,0,0,0,0,0,0,0,0,0,0,0,0,0,0,0,0,1,6
978,2018-06-30,TERMICA,29,27,26,26,28,30,30,31,33,35,36,37,37,39,40,40,38,35,33,33,34,33,32,30,791,6
979,2018-07-31,COGENERADOR,3,3,3,3,3,3,3,3,3,3,3,3,3,3,3,3,3,3,3,3,3,3,3,3,70,7
980,2018-07-31,EOLICA,0,0,0,0,0,0,0,0,0,0,0,0,0,0,0,0,0,0,0,0,0,0,0,0,6,7
981,2018-07-31,HIDRAULICA,181,174,171,170,174,183,185,198,212,222,231,236,232,230,230,229,225,222,239,251,244,230,210,192,5072,7
982,2018-07-31,SOLAR,0,0,0,0,0,0,0,0,0,0,0,0,0,0,0,0,0,0,0,0,0,0,0,0,1,7
983,2018-07-31,TERMICA,31,29,27,26,27,27,27,28,31,32,33,34,34,35,36,36,35,32,33,35,36,36,35,33,765,7
984,2018-08-31,COGENERADOR,3,3,3,3,3,3,3,3,3,3,3,3,3,3,3,3,3,3,3,3,3,3,3,3,70,8
985,2018-08-31,EOLICA,0,0,0,0,0,0,0,0,0,0,0,0,0,0,0,0,0,0,0,0,0,0,0,0,6,8
986,2018-08-31,HIDRAULICA,179,173,169,168,173,181,185,197,210,219,227,233,230,229,230,229,226,222,242,252,245,231,209,192,5052,8
987,2018-08-31,SOLAR,0,0,0,0,0,0,0,0,0,0,0,0,0,0,0,0,0,0,0,0,0,0,0,0,0,8
988,2018-08-31,TERMICA,34,32,31,31,30,33,33,34,36,37,39,40,39,41,42,42,40,38,37,39,40,39,39,36,879,8
989,2018-09-30,COGENERADOR,3,3,3,3,3,3,3,3,3,3,3,3,3,3,3,3,3,3,3,3,3,3,3,3,65,9
990,2018-09-30,EOLICA,0,0,0,0,0,0,0,0,0,0,0,0,0,0,0,0,0,0,0,0,0,0,0,0,4,9
991,2018-09-30,HIDRAULICA,169,164,160,159,164,174,177,189,202,209,217,222,218,216,218,217,215,214,237,239,231,218,197,180,4806,9
992,2018-09-30,TERMICA,37,34,33,32,32,33,33,34,37,39,41,42,42,43,44,44,42,39,41,43,44,43,42,39,932,9
993,2018-10-31,COGENERADOR,3,3,3,3,3,3,3,3,3,3,3,3,3,3,3,3,3,3,3,3,3,3,3,3,69,10
994,2018-10-31,EOLICA,0,0,0,0,0,0,0,0,0,0,0,0,0,0,0,0,0,0,0,0,0,0,0,0,2,10
995,2018-10-31,HIDRAULICA,173,168,165,164,170,180,184,196,211,219,229,234,230,228,229,228,224,227,247,245,237,223,202,185,5000,10
996,2018-10-31,TERMICA,37,34,32,32,31,32,33,34,36,37,38,39,39,40,41,41,41,41,43,45,45,43,41,39,916,10
997,2018-11-30,COGENERADOR,2,2,2,2,2,2,2,2,2,2,2,2,2,2,2,2,2,2,2,2,2,2,2,2,46,11
998,2018-11-30,EOLICA,0,0,0,0,0,0,0,0,0,0,0,0,0,0,0,0,0,0,0,0,0,0,0,0,4,11
999,2018-11-30,HIDRAULICA,177,171,167,166,170,180,184,198,212,221,230,236,232,231,232,229,226,229,247,245,237,223,205,189,5035,11
1000,2018-11-30,TERMICA,31,29,28,27,28,28,29,29,29,31,31,32,32,33,33,34,33,35,39,39,39,37,35,33,774,11
1001,2018-12-31,COGENERADOR,3,3,3,3,3,3,3,3,3,3,3,3,3,3,3,3,3,3,3,3,3,3,3,3,72,12
1002,2018-12-31,EOLICA,0,0,0,0,0,0,0,0,0,0,0,0,0,0,0,0,0,0,0,0,0,0,0,0,6,12
1003,2018-12-31,HIDRAULICA,163,156,151,149,152,157,157,172,186,195,203,208,207,205,205,204,199,199,224,225,218,206,188,173,4500,12
1004,2018-12-31,SOLAR,0,0,0,0,0,0,0,0,0,0,0,0,0,0,0,0,0,0,0,0,0,0,0,0,1,12
1005,2018-12-31,TERMICA,48,47,45,45,45,46,48,49,51,52,54,55,55,56,57,56,56,56,58,58,57,56,54,52,1256,12
1006,2019-01-31,COGENERADOR,3,3,3,3,3,3,3,3,3,3,3,3,3,3,3,3,3,3,3,3,3,3,3,3,68,1
1007,2019-01-31,EOLICA,0,0,0,0,0,0,0,0,0,0,0,0,0,0,0,0,0,0,0,0,0,0,0,0,6,1
1008,2019-01-31,HIDRAULICA,140,135,131,128,131,138,139,151,166,174,183,189,186,185,186,185,181,175,197,205,199,185,167,151,4007,1
1009,2019-01-31,SOLAR,0,0,0,0,0,0,0,0,0,0,0,0,0,0,0,0,0,0,0,0,0,0,0,0,2,1
1010,2019-01-31,TERMICA,64,62,60,61,61,62,64,65,66,68,69,70,71,72,72,72,72,72,73,73,73,72,70,68,1632,1
1011,2019-02-28,COGENERADOR,3,3,3,3,3,3,3,3,3,3,3,2,2,2,2,2,2,3,3,3,3,3,3,3,61,2
1012,2019-02-28,EOLICA,0,0,0,0,0,0,0,0,0,0,0,0,0,0,0,0,0,0,0,0,0,0,0,0,7,2
1013,2019-02-28,HIDRAULICA,126,122,119,117,121,133,134,142,153,161,169,175,170,171,173,172,168,162,180,189,183,169,151,135,3697,2
1014,2019-02-28,SOLAR,0,0,0,0,0,0,0,0,0,0,1,1,1,1,1,0,0,0,0,0,0,0,0,0,4,2
1015,2019-02-28,TERMICA,60,57,56,56,57,59,60,62,63,64,64,65,66,67,69,69,68,68,69,69,69,68,66,64,1535,2
1016,2019-03-31,COGENERADOR,3,3,3,3,3,3,3,3,3,3,3,3,3,3,3,3,3,3,3,3,3,3,3,3,63,3
1017,2019-03-31,EOLICA,0,0,0,0,0,0,0,0,0,0,0,0,0,0,0,0,0,0,0,0,0,0,0,0,6,3
1018,2019-03-31,HIDRAULICA,149,143,140,137,141,154,156,165,177,185,194,200,196,196,197,196,192,187,207,216,209,195,175,158,4264,3
1019,2019-03-31,SOLAR,0,0,0,0,0,0,0,0,1,1,1,1,1,1,1,1,0,0,0,0,0,0,0,0,10,3
1020,2019-03-31,TERMICA,57,54,53,53,55,56,56,58,60,61,62,63,63,64,65,65,64,64,65,66,66,65,63,60,1460,3
1021,2019-04-30,COGENERADOR,2,2,2,2,2,2,2,2,2,2,2,2,2,2,2,2,2,2,2,2,2,2,2,2,51,4
1022,2019-04-30,EOLICA,0,0,0,0,0,0,0,0,0,0,0,0,0,0,0,0,0,0,0,0,0,0,0,0,7,4
1023,2019-04-30,HIDRAULICA,162,157,154,154,158,166,169,180,193,200,207,212,209,209,209,208,205,202,220,224,217,205,186,171,4577,4
1024,2019-04-30,SOLAR,0,0,0,0,0,0,0,1,1,1,1,1,1,1,1,1,1,0,0,0,0,0,0,0,11,4
1025,2019-04-30,TERMICA,42,39,37,36,36,37,36,37,39,41,43,45,44,45,47,46,45,44,47,49,49,48,47,45,1021,4
1026,2019-05-31,COGENERADOR,2,2,2,2,2,2,2,2,2,2,2,2,2,2,2,2,2,2,2,2,2,2,2,2,39,5
1027,2019-05-31,EOLICA,0,0,0,0,0,0,0,0,0,0,0,0,0,0,0,0,0,0,0,0,0,0,0,0,6,5
1028,2019-05-31,HIDRAULICA,173,167,165,164,169,179,182,195,207,215,224,229,225,224,226,224,221,217,235,241,234,219,199,183,4916,5
1029,2019-05-31,SOLAR,0,0,0,0,0,0,0,0,1,1,1,1,1,1,1,1,0,0,0,0,0,0,0,0,9,5
1030,2019-05-31,TERMICA,39,37,35,34,35,35,35,36,37,38,39,41,41,41,42,42,42,42,44,45,45,45,44,42,959,5
1031,2019-06-30,COGENERADOR,2,2,2,2,2,2,2,2,2,2,2,2,2,2,2,2,2,2,2,2,2,2,2,2,57,6
1032,2019-06-30,EOLICA,0,0,0,0,0,0,0,0,0,0,0,0,0,0,0,0,0,0,0,0,0,0,0,0,7,6
1033,2019-06-30,HIDRAULICA,180,174,170,169,173,179,184,199,212,220,226,233,229,228,229,227,223,219,235,245,238,223,204,190,5010,6
1034,2019-06-30,SOLAR,0,0,0,0,0,0,0,1,1,1,1,1,1,1,1,1,0,0,0,0,0,0,0,0,10,6
1035,2019-06-30,TERMICA,29,27,26,25,25,24,23,23,24,26,27,27,28,28,30,30,29,29,31,33,33,33,32,31,673,6
1036,2019-07-31,COGENERADOR,3,3,3,3,3,3,3,3,3,3,3,3,3,3,3,3,3,3,3,3,3,3,3,3,67,7
1037,2019-07-31,EOLICA,0,0,0,0,0,0,0,0,0,0,0,0,0,0,0,0,0,0,0,0,0,0,0,0,6,7
1038,2019-07-31,HIDRAULICA,183,178,175,174,178,187,190,205,221,230,239,245,241,239,240,239,235,229,244,255,248,233,212,194,5214,7
1039,2019-07-31,SOLAR,0,0,0,0,0,0,0,1,1,1,1,1,1,1,1,1,0,0,0,0,0,0,0,0,11,7
1040,2019-07-31,TERMICA,32,29,27,26,26,25,25,25,25,27,28,30,30,32,34,34,33,31,34,37,37,37,37,35,736,7
1041,2019-08-31,COGENERADOR,3,3,3,3,3,3,3,3,3,3,3,3,3,3,3,3,3,3,3,3,3,3,3,3,67,8
1042,2019-08-31,EOLICA,0,0,0,0,0,0,0,0,0,0,0,0,0,0,0,0,0,0,0,0,0,0,0,0,4,8
1043,2019-08-31,HIDRAULICA,182,177,174,173,177,185,186,200,213,221,230,237,233,232,233,232,228,224,242,250,244,230,209,192,5104,8
1044,2019-08-31,SOLAR,0,0,0,0,0,0,0,1,1,1,1,1,1,1,1,1,0,0,0,0,0,0,0,0,11,8
1045,2019-08-31,TERMICA,36,34,32,31,31,32,32,33,35,37,39,40,40,41,43,43,42,40,41,43,43,43,42,39,913,8
1046,2019-09-30,COGENERADOR,3,3,3,3,3,3,3,3,3,3,3,3,3,3,3,3,3,3,3,3,3,3,3,3,69,9
1047,2019-09-30,EOLICA,0,0,0,0,0,0,0,0,0,0,0,0,0,0,0,0,0,0,0,0,0,0,0,0,2,9
1048,2019-09-30,HIDRAULICA,158,152,148,146,151,161,163,176,191,201,210,217,213,212,214,213,209,206,227,230,223,208,187,170,4587,9
1049,2019-09-30,SOLAR,0,0,0,0,0,0,0,0,1,1,1,1,1,1,1,1,0,0,0,0,0,0,0,0,11,9
1050,2019-09-30,TERMICA,51,49,48,47,47,48,49,50,50,50,51,51,52,52,53,53,52,52,54,55,55,55,54,52,1230,9
1051,2019-10-31,COGENERADOR,3,3,3,3,3,3,3,3,3,3,3,3,3,3,3,3,3,3,3,3,3,3,3,3,71,10
1052,2019-10-31,EOLICA,0,0,0,0,0,0,0,0,0,0,0,0,0,0,0,0,0,0,0,0,0,0,0,0,2,10
1053,2019-10-31,HIDRAULICA,154,149,145,144,148,157,160,172,185,193,202,208,203,202,205,203,201,203,223,221,214,200,181,166,4439,10
1054,2019-10-31,SOLAR,0,0,0,0,0,0,0,1,1,1,1,1,1,1,1,1,0,0,0,0,0,0,0,0,10,10
1055,2019-10-31,TERMICA,58,56,54,54,54,55,57,59,62,63,65,66,66,67,67,67,66,66,68,68,67,66,63,60,1494,10
1056,2019-11-30,COGENERADOR,2,2,2,2,2,2,2,2,2,2,2,2,2,2,2,2,2,2,2,2,2,2,2,2,51,11
1057,2019-11-30,EOLICA,0,0,0,0,0,0,0,0,0,0,0,0,0,0,0,0,0,0,0,0,0,0,0,0,3,11
1058,2019-11-30,HIDRAULICA,154,149,146,145,148,155,159,171,185,193,201,208,205,203,204,202,199,202,221,218,210,197,180,165,4422,11
1059,2019-11-30,SOLAR,0,0,0,0,0,0,0,1,1,1,2,2,2,1,1,1,0,0,0,0,0,0,0,0,13,11
1060,2019-11-30,TERMICA,54,51,49,48,49,50,51,53,55,56,57,58,58,59,60,60,59,60,63,63,64,62,59,56,1352,11
1061,2019-12-31,COGENERADOR,3,3,3,3,3,3,3,3,3,3,3,3,3,3,3,3,3,3,3,3,3,3,3,3,68,12
1062,2019-12-31,EOLICA,0,0,0,0,0,0,0,0,0,0,0,0,0,0,0,0,0,0,0,0,0,0,0,0,5,12
1063,2019-12-31,HIDRAULICA,149,142,138,136,139,144,146,159,173,183,192,198,195,193,195,193,188,189,211,211,203,190,174,159,4201,12
1064,2019-12-31,SOLAR,0,0,0,0,0,0,0,1,1,2,2,2,2,1,1,1,0,0,0,0,0,0,0,0,13,12
1065,2019-12-31,TERMICA,71,69,67,66,66,66,67,69,72,73,74,75,75,75,76,76,76,76,80,80,80,80,78,74,1762,12
1066,2020-01-31,COGENERADOR,3,3,3,3,3,3,3,3,3,3,3,3,3,3,3,3,3,3,3,3,3,3,3,3,76,1
1067,2020-01-31,EOLICA,0,0,0,0,0,0,0,0,0,0,0,0,0,0,0,0,0,0,0,0,0,0,0,0,1,1
1068,2020-01-31,HIDRAULICA,143,136,131,129,131,139,141,152,165,174,183,190,188,188,190,189,184,177,196,202,196,184,168,152,4028,1
1069,2020-01-31,SOLAR,0,0,0,0,0,0,0,1,1,2,2,2,2,2,2,1,1,0,0,0,0,0,0,0,16,1
1070,2020-01-31,TERMICA,74,72,71,71,71,71,72,73,76,78,79,80,81,81,81,81,81,82,85,86,85,83,81,77,1870,1
1071,2020-02-29,COGENERADOR,3,3,3,3,3,3,3,3,3,3,3,3,3,3,3,3,3,3,3,3,3,3,3,3,78,2
1072,2020-02-29,HIDRAULICA,119,114,110,108,112,123,124,133,146,155,165,171,168,169,173,172,166,158,174,183,177,164,146,129,3556,2
1073,2020-02-29,SOLAR,0,0,0,0,0,0,0,1,1,2,2,2,2,2,2,1,1,0,0,0,0,0,0,0,15,2
1074,2020-02-29,TERMICA,90,88,87,87,87,89,90,91,92,93,93,94,95,95,94,94,95,96,97,97,97,97,96,94,2228,2
1075,2020-03-31,COGENERADOR,3,3,3,3,3,3,3,3,3,3,3,3,3,3,3,3,3,3,3,3,3,3,3,3,71,3
1076,2020-03-31,HIDRAULICA,135,129,125,123,126,132,130,140,151,159,168,174,175,176,177,175,171,168,185,194,189,178,162,146,3790,3
1077,2020-03-31,SOLAR,0,0,0,0,0,0,0,1,1,2,2,2,2,2,2,1,1,0,0,0,0,0,0,0,16,3
1078,2020-03-31,TERMICA,82,81,79,78,78,80,81,83,84,86,87,88,89,89,90,89,89,88,90,91,90,90,88,85,2055,3
1079,2020-04-30,COGENERADOR,2,2,2,2,2,2,2,2,2,2,2,2,2,2,2,2,2,2,2,2,2,2,2,2,54,4
1080,2020-04-30,HIDRAULICA,127,121,117,116,117,118,118,128,137,144,151,158,162,163,160,157,152,149,170,178,173,163,151,137,3464,4
1081,2020-04-30,SOLAR,0,0,0,0,0,0,0,1,1,2,2,2,2,2,2,1,1,0,0,0,0,0,0,0,15,4
1082,2020-04-30,TERMICA,63,61,59,57,55,54,53,54,56,57,58,59,60,61,62,62,62,64,67,69,69,69,68,66,1465,4
1083,2020-05-31,COGENERADOR,2,2,2,2,2,2,2,2,2,2,2,2,2,2,2,2,2,2,2,2,2,2,2,2,48,5
1084,2020-05-31,HIDRAULICA,123,116,113,111,112,112,115,127,139,145,153,160,162,161,158,155,148,144,163,172,168,158,145,132,3392,5
1085,2020-05-31,SOLAR,0,0,0,0,0,0,0,1,1,2,2,2,2,2,2,1,1,0,0,0,0,0,0,0,15,5
1086,2020-05-31,TERMICA,80,78,75,74,74,74,73,76,78,80,81,83,84,84,85,85,86,87,89,91,90,89,86,83,1962,5
1087,2020-06-30,COGENERADOR,3,3,3,3,3,3,3,3,3,3,2,2,2,2,3,3,3,3,3,3,3,3,3,3,63,6
1088,2020-06-30,HIDRAULICA,118,113,109,108,110,111,114,128,141,150,158,166,168,166,164,160,155,149,167,177,172,161,145,130,3440,6
1089,2020-06-30,SOLAR,0,0,0,0,0,0,0,1,1,1,2,2,2,2,1,1,1,0,0,0,0,0,0,0,14,6
1090,2020-06-30,TERMICA,76,74,72,70,69,69,70,72,73,74,75,76,77,77,78,78,78,78,80,81,82,81,81,79,1820,6
1091,2020-07-31,COGENERADOR,3,3,3,3,3,3,3,3,3,3,3,3,3,3,3,3,3,3,3,3,3,3,3,3,69,7
1092,2020-07-31,EOLICA,0,0,0,0,0,0,0,0,0,0,0,0,0,0,0,0,0,0,0,0,0,0,0,0,0,7
1093,2020-07-31,HIDRAULICA,166,161,158,158,160,162,167,182,195,203,212,220,221,219,217,214,208,203,218,229,222,211,193,176,4675,7
1094,2020-07-31,SOLAR,0,0,0,0,0,0,0,1,1,1,2,2,2,2,2,1,1,0,0,0,0,0,0,0,14,7
1095,2020-07-31,TERMICA,42,40,38,36,35,34,33,34,35,36,36,37,39,39,40,41,42,41,42,45,47,47,47,45,954,7
1096,2020-08-31,COGENERADOR,3,3,3,3,3,3,3,3,3,3,3,3,3,3,3,3,3,3,3,3,3,3,3,3,71,8
1097,2020-08-31,EOLICA,0,0,0,0,0,0,0,0,0,0,0,0,0,0,0,0,0,0,0,0,0,0,0,0,2,8
1098,2020-08-31,HIDRAULICA,168,163,160,158,160,163,166,182,196,206,214,221,222,220,218,215,209,204,222,230,223,210,194,178,4702,8
1099,2020-08-31,SOLAR,0,0,0,0,0,0,0,1,1,1,2,2,2,2,2,1,1,0,0,0,0,0,0,0,14,8
1100,2020-08-31,TERMICA,47,44,42,41,39,39,38,39,39,40,41,42,43,44,46,46,46,45,47,50,52,52,52,50,1063,8
1101,2020-09-30,COGENERADOR,3,3,3,3,3,3,3,3,3,3,3,2,3,3,3,3,3,3,3,3,3,3,3,3,66,9
1102,2020-09-30,EOLICA,0,0,0,0,0,0,0,0,0,0,0,0,0,0,0,0,0,0,0,0,0,0,0,0,1,9
1103,2020-09-30,HIDRAULICA,155,151,148,147,150,154,161,177,189,198,206,212,212,209,208,206,202,199,217,219,211,198,181,165,4475,9
1104,2020-09-30,SOLAR,0,0,0,0,0,0,0,1,1,2,2,2,2,2,2,1,1,0,0,0,0,0,0,0,16,9
1105,2020-09-30,TERMICA,56,53,51,49,48,48,47,48,50,51,52,54,54,55,56,56,55,54,59,62,63,63,63,60,1307,9
1106,2020-10-31,COGENERADOR,3,3,3,3,3,3,3,3,3,3,3,3,3,3,3,3,3,3,3,3,3,3,3,3,68,10
1107,2020-10-31,EOLICA,0,0,0,0,0,0,0,0,0,0,0,0,0,0,0,0,0,0,0,0,0,0,0,0,1,10
1108,2020-10-31,HIDRAULICA,165,160,157,155,157,161,166,182,195,204,213,219,219,216,215,213,209,210,229,227,219,208,191,175,4666,10
1109,2020-10-31,SOLAR,0,0,0,0,0,0,0,1,1,2,2,2,2,2,2,1,0,0,0,0,0,0,0,0,17,10
1110,2020-10-31,TERMICA,57,54,52,51,50,50,50,52,54,56,57,58,59,60,61,61,60,60,64,65,65,63,62,60,1381,10
1111,2020-11-30,COGENERADOR,2,2,2,2,2,2,2,2,2,2,2,2,2,2,2,2,2,2,2,2,2,2,2,2,42,11
1112,2020-11-30,EOLICA,0,0,0,0,0,0,0,0,0,0,0,0,0,0,0,0,0,0,0,0,0,0,0,0,1,11
1113,2020-11-30,HIDRAULICA,175,170,167,166,168,172,175,190,203,210,217,222,221,221,220,218,216,219,232,230,224,215,200,186,4840,11
1114,2020-11-30,SOLAR,0,0,0,0,0,0,0,1,1,2,2,2,2,2,2,1,0,0,0,0,0,0,0,0,16,11
1115,2020-11-30,TERMICA,47,45,43,42,42,42,43,44,45,47,49,50,50,51,51,52,52,53,56,56,56,54,52,50,1172,11
1116,2020-12-31,COGENERADOR,3,3,3,3,3,3,3,3,3,3,3,3,3,3,3,3,3,3,3,3,3,3,3,3,77,12
1117,2020-12-31,EOLICA,0,0,0,0,0,0,0,0,0,0,0,0,0,0,0,0,0,0,0,0,0,0,0,0,3,12
1118,2020-12-31,HIDRAULICA,174,167,163,162,164,168,170,185,200,208,216,223,222,221,220,219,215,214,235,235,228,217,200,183,4810,12
1119,2020-12-31,SOLAR,0,0,0,0,0,0,0,1,2,3,3,3,3,3,2,2,1,0,0,0,0,0,0,0,23,12
1120,2020-12-31,TERMICA,51,49,47,45,44,45,45,46,48,49,51,52,52,52,53,54,53,53,56,57,57,56,56,54,1226,12
1121,2021-01-31,COGENERADOR,3,3,3,3,3,3,3,3,3,3,3,3,3,3,3,3,3,3,3,3,3,3,3,3,70,1
1122,2021-01-31,EOLICA,0,0,0,0,0,0,0,0,0,0,0,0,0,0,0,0,0,0,0,0,0,0,0,0,4,1
1123,2021-01-31,HIDRAULICA,166,160,156,154,155,160,161,174,187,196,205,213,214,213,212,210,206,202,221,227,220,209,192,176,4590,1
1124,2021-01-31,SOLAR,0,0,0,0,0,0,0,1,2,3,3,3,3,3,3,2,1,0,0,0,0,0,0,0,25,1
1125,2021-01-31,TERMICA,52,49,48,47,46,46,47,47,48,49,50,51,52,53,54,55,54,54,56,57,58,57,57,55,1242,1
1126,2021-02-28,COGENERADOR,3,3,3,3,3,3,3,3,3,3,3,3,3,3,3,3,3,3,3,3,3,3,3,3,70,2
1127,2021-02-28,EOLICA,0,0,0,0,0,0,0,0,0,0,0,0,0,0,0,0,0,0,0,0,0,0,0,0,6,2
1128,2021-02-28,HIDRAULICA,141,135,131,129,131,136,142,154,167,175,183,190,189,188,189,187,182,176,191,199,193,182,167,151,4007,2
1129,2021-02-28,SOLAR,0,0,0,0,0,0,0,1,2,3,3,3,3,3,3,2,1,0,0,0,0,0,0,0,24,2
1130,2021-02-28,TERMICA,65,63,61,61,61,62,62,62,62,62,62,63,64,66,66,67,67,67,67,69,69,68,68,67,1550,2
1131,2021-03-31,COGENERADOR,3,3,3,3,3,3,3,3,3,3,3,3,3,3,3,3,3,3,3,3,3,3,3,3,71,3
1132,2021-03-31,EOLICA,0,0,0,0,0,0,0,0,0,0,0,0,0,0,0,0,0,0,0,0,0,0,0,0,6,3
1133,2021-03-31,HIDRAULICA,171,166,163,162,164,170,175,189,203,211,219,225,224,223,223,222,218,213,232,238,231,217,199,181,4841,3
1134,2021-03-31,SOLAR,0,0,0,0,0,0,0,1,2,3,3,3,3,3,3,2,1,0,0,0,0,0,0,0,25,3
1135,2021-03-31,TERMICA,48,44,41,40,40,40,40,41,43,44,45,46,48,49,50,50,49,49,50,52,53,52,52,51,1118,3
1136,2021-04-30,COGENERADOR,3,3,3,3,3,3,3,3,3,3,3,3,3,3,3,3,3,3,3,3,3,3,3,3,69,4
1137,2021-04-30,EOLICA,0,0,0,0,0,0,0,0,0,0,0,0,0,0,0,0,0,0,0,0,0,0,0,0,6,4
1138,2021-04-30,HIDRAULICA,170,164,161,159,162,166,171,186,200,209,217,224,224,222,221,219,215,210,228,233,225,213,197,181,4778,4
1139,2021-04-30,SOLAR,0,0,0,0,0,0,0,1,2,3,3,3,3,3,2,2,1,0,0,0,0,0,0,0,24,4
1140,2021-04-30,TERMICA,41,39,37,35,35,34,35,35,36,37,37,38,39,40,41,41,40,40,42,45,46,45,45,44,949,4
1141,2021-05-31,COGENERADOR,1,1,1,1,1,1,1,1,1,1,1,1,1,1,1,1,1,1,1,1,1,1,1,1,20,5
1142,2021-05-31,EOLICA,0,0,0,0,0,0,0,0,0,0,0,0,0,0,0,0,0,0,0,0,0,0,0,0,7,5
1143,2021-05-31,HIDRAULICA,185,179,176,174,177,180,187,204,217,225,233,240,240,238,236,233,229,225,245,251,243,230,211,195,5154,5
1144,2021-05-31,SOLAR,0,0,0,0,0,0,0,1,2,2,3,3,3,3,2,2,1,0,0,0,0,0,0,0,22,5
1145,2021-05-31,TERMICA,35,33,31,30,30,29,27,28,29,30,31,33,33,34,35,35,34,33,35,37,38,39,40,39,795,5
1146,2021-06-30,COGENERADOR,3,3,3,3,3,3,3,3,3,3,3,3,3,3,3,3,3,3,3,3,3,3,3,3,63,6
1147,2021-06-30,EOLICA,0,0,0,0,0,0,0,0,0,0,0,0,0,0,0,0,0,0,0,0,0,0,0,0,6,6
1148,2021-06-30,HIDRAULICA,183,176,173,171,174,179,186,202,216,224,232,239,239,237,236,234,230,225,239,246,239,227,210,194,5110,6
1149,2021-06-30,SOLAR,0,0,0,0,0,0,0,1,2,2,3,3,3,3,2,2,1,0,0,0,0,0,0,0,22,6
1150,2021-06-30,TERMICA,36,35,33,31,31,29,27,27,28,30,31,32,33,33,34,35,35,35,37,40,41,40,40,38,810,6
1151,2021-07-31,COGENERADOR,3,3,3,3,3,3,3,3,3,3,3,3,3,3,3,3,3,3,3,3,3,3,3,3,69,7
1152,2021-07-31,EOLICA,0,0,0,0,0,0,0,0,0,0,0,0,0,0,0,0,0,0,0,0,0,0,0,0,6,7
1153,2021-07-31,HIDRAULICA,193,186,182,180,183,188,194,210,224,233,241,249,249,247,246,244,240,234,249,258,251,240,222,205,5350,7
1154,2021-07-31,SOLAR,0,0,0,0,0,0,0,1,2,3,3,3,3,3,3,2,1,0,0,0,0,0,0,0,25,7
1155,2021-07-31,TERMICA,40,38,36,35,34,33,33,33,34,35,36,37,37,38,39,39,39,39,40,43,44,43,44,43,916,7
1156,2021-08-31,COGENERADOR,3,3,3,3,3,3,3,3,3,3,3,3,3,3,3,3,3,3,3,3,3,3,3,3,76,8
1157,2021-08-31,EOLICA,0,0,0,0,0,0,0,0,0,0,0,0,0,0,0,0,0,0,0,0,0,0,0,0,4,8
1158,2021-08-31,HIDRAULICA,193,187,183,181,184,190,194,209,223,232,240,249,249,247,248,246,242,237,254,261,253,240,222,205,5369,8
1159,2021-08-31,SOLAR,0,0,0,0,0,0,0,1,2,3,3,3,3,3,3,2,1,0,0,0,0,0,0,0,26,8
1160,2021-08-31,TERMICA,39,37,35,33,33,33,33,33,34,35,36,36,36,37,37,38,38,38,39,41,43,42,42,41,891,8
1161,2021-09-30,COGENERADOR,3,3,3,3,3,3,3,3,3,3,3,3,3,3,3,3,3,3,3,3,3,3,3,3,72,9
1162,2021-09-30,EOLICA,0,0,0,0,0,0,0,0,0,0,0,0,0,0,0,0,0,0,0,0,0,0,0,0,4,9
1163,2021-09-30,HIDRAULICA,199,193,189,188,191,199,204,219,233,241,249,255,254,252,252,251,247,244,262,262,253,243,226,210,5517,9
1164,2021-09-30,SOLAR,0,0,0,0,0,0,0,1,2,3,4,4,4,3,3,2,1,0,0,0,0,0,0,0,28,9
1165,2021-09-30,TERMICA,38,36,34,32,31,30,30,30,31,32,33,34,35,36,38,38,38,37,40,42,43,43,43,41,863,9
1166,2021-10-31,COGENERADOR,3,3,3,3,3,3,3,3,3,3,3,3,3,3,3,3,3,3,3,3,3,3,3,3,68,10
1167,2021-10-31,EOLICA,0,0,0,0,0,0,0,0,0,0,0,0,0,0,0,0,0,0,0,0,0,0,0,0,3,10
1168,2021-10-31,HIDRAULICA,203,197,194,192,196,201,206,221,235,243,251,258,256,255,255,255,251,253,267,264,257,246,229,213,5599,10
1169,2021-10-31,SOLAR,0,0,0,0,0,0,1,2,3,3,4,4,4,4,3,3,1,0,0,0,0,0,0,0,31,10
1170,2021-10-31,TERMICA,40,37,35,34,33,32,32,32,34,35,37,38,38,39,40,40,40,40,44,45,45,44,44,42,920,10
1171,2021-11-30,COGENERADOR,2,2,2,2,2,2,2,2,2,2,2,2,2,2,2,2,2,2,2,2,2,2,2,2,55,11
1172,2021-11-30,EOLICA,0,0,0,0,0,0,0,0,0,0,0,0,0,0,0,0,0,0,0,0,0,0,0,0,3,11
1173,2021-11-30,HIDRAULICA,191,185,181,180,183,190,196,211,224,232,240,246,246,245,245,244,242,245,259,257,249,236,218,203,5346,11
1174,2021-11-30,SOLAR,0,0,0,0,0,0,1,2,3,4,4,4,4,4,4,3,1,0,0,0,0,0,0,0,34,11
1175,2021-11-30,TERMICA,38,36,34,33,32,31,30,30,30,32,33,34,34,35,36,36,36,36,40,41,42,42,42,40,853,11
1176,2021-12-31,COGENERADOR,4,4,4,4,4,4,4,4,4,3,3,3,3,3,3,3,3,3,3,4,4,4,4,4,84,12
1177,2021-12-31,EOLICA,0,0,0,0,0,0,0,0,0,0,0,0,0,0,0,0,0,0,0,0,0,0,0,0,5,12
1178,2021-12-31,HIDRAULICA,173,167,162,160,164,169,173,187,202,211,219,226,225,224,223,222,219,217,235,234,226,215,198,183,4835,12
1179,2021-12-31,SOLAR,0,0,0,0,0,0,1,2,3,4,4,4,4,4,4,3,2,0,0,0,0,0,0,0,36,12
1180,2021-12-31,TERMICA,59,56,54,52,52,51,50,51,52,53,54,55,55,56,57,57,57,59,64,65,65,63,63,61,1359,12
1181,2022-01-31,COGENERADOR,4,4,4,4,4,4,4,4,4,3,3,3,3,4,4,4,4,4,4,4,4,4,4,4,86,1
1182,2022-01-31,EOLICA,0,0,0,0,0,0,0,0,0,0,0,0,0,0,0,0,0,0,0,0,0,0,0,0,4,1
1183,2022-01-31,HIDRAULICA,172,167,163,162,164,170,173,184,198,206,214,221,220,219,219,218,215,212,230,234,227,215,199,183,4788,1
1184,2022-01-31,SOLAR,0,0,0,0,0,0,0,2,3,4,5,5,5,4,4,4,2,0,0,0,0,0,0,0,38,1
1185,2022-01-31,TERMICA,57,55,53,52,51,51,51,52,52,53,55,56,57,58,60,60,59,60,61,62,63,62,61,60,1361,1
1186,2022-02-28,COGENERADOR,3,3,3,3,3,3,3,3,3,3,3,3,3,3,3,3,3,3,3,3,3,3,3,3,81,2
1187,2022-02-28,EOLICA,0,0,0,0,0,0,0,0,0,0,0,0,0,0,0,0,0,0,0,0,0,0,0,0,4,2
1188,2022-02-28,HIDRAULICA,155,150,146,145,149,159,161,170,181,189,197,202,200,200,202,202,199,194,209,215,209,196,180,165,4376,2
1189,2022-02-28,SOLAR,0,0,0,0,0,0,0,1,3,3,4,4,4,4,3,3,2,0,0,0,0,0,0,0,32,2
1190,2022-02-28,TERMICA,58,56,54,53,53,54,54,55,55,56,56,58,59,59,61,61,60,59,61,62,62,62,62,60,1390,2
1191,2022-03-31,COGENERADOR,3,3,3,3,3,3,3,3,3,3,3,3,3,3,3,3,3,3,3,3,3,3,3,3,67,3
1192,2022-03-31,EOLICA,0,0,0,0,0,0,0,0,0,0,0,0,0,0,0,0,0,0,0,0,0,0,0,0,5,3
1193,2022-03-31,HIDRAULICA,191,185,181,181,187,200,203,215,227,234,243,249,247,247,248,247,244,239,255,261,252,239,220,202,5395,3
1194,2022-03-31,SOLAR,0,0,0,0,0,0,0,2,3,4,4,4,4,4,4,3,2,0,0,0,0,0,0,0,35,3
1195,2022-03-31,TERMICA,43,40,38,36,35,34,33,33,34,36,38,39,40,41,42,43,42,42,44,46,47,47,47,45,965,3
1196,2022-04-30,COGENERADOR,2,2,2,2,2,2,2,2,2,2,2,2,2,2,2,2,2,2,2,2,2,2,2,2,55,4
1197,2022-04-30,EOLICA,0,0,0,0,0,0,0,0,0,0,0,0,0,0,0,0,0,0,0,0,0,0,0,0,4,4
1198,2022-04-30,HIDRAULICA,191,186,182,180,184,193,196,209,221,229,236,243,241,240,242,241,237,234,250,255,247,234,217,202,5290,4
1199,2022-04-30,SOLAR,0,0,0,0,0,0,0,1,3,3,4,4,4,4,4,3,2,0,0,0,0,0,0,0,33,4
1200,2022-04-30,TERMICA,37,35,33,32,31,31,30,30,32,33,34,35,36,37,37,38,37,37,39,41,42,41,41,39,857,4
1201,2022-05-31,COGENERADOR,2,2,2,2,2,2,2,2,2,1,2,2,2,2,2,2,2,2,2,2,2,2,2,2,37,5
1202,2022-05-31,EOLICA,0,0,0,0,0,0,0,0,0,0,0,0,0,0,0,0,0,0,0,0,0,0,0,0,3,5
1203,2022-05-31,HIDRAULICA,201,195,192,190,195,204,209,223,236,244,252,258,255,254,255,254,252,248,264,268,261,248,229,212,5600,5
1204,2022-05-31,SOLAR,0,0,0,0,0,0,1,2,3,3,4,4,4,4,3,3,2,0,0,0,0,0,0,0,31,5
1205,2022-05-31,TERMICA,39,37,35,33,32,31,30,30,31,32,34,35,36,37,39,40,39,38,40,43,44,44,43,42,885,5
1206,2022-06-30,COGENERADOR,2,2,2,2,2,2,2,2,2,2,2,2,2,2,2,2,2,2,2,2,2,2,2,2,50,6
1207,2022-06-30,EOLICA,0,0,0,0,0,0,0,0,0,0,0,0,0,0,0,0,0,0,0,0,0,0,0,0,4,6
1208,2022-06-30,HIDRAULICA,192,186,181,179,183,189,195,209,222,229,236,243,241,240,241,240,238,234,248,254,247,235,218,202,5281,6
1209,2022-06-30,SOLAR,0,0,0,0,0,0,0,1,2,3,4,4,4,4,3,3,2,0,0,0,0,0,0,0,30,6
1210,2022-06-30,TERMICA,35,33,32,32,31,31,31,31,32,33,34,35,36,36,37,37,36,36,37,39,40,39,38,37,838,6
1211,2022-07-31,COGENERADOR,3,3,3,3,3,3,3,3,3,3,3,3,3,3,3,3,3,3,3,3,3,3,3,3,64,7
1212,2022-07-31,EOLICA,0,0,0,0,0,0,0,0,0,0,0,0,0,0,0,0,0,0,0,0,0,0,0,0,8,7
1213,2022-07-31,HIDRAULICA,201,195,191,189,193,201,205,218,231,239,248,254,251,250,250,249,247,243,257,266,259,246,227,212,5523,7
1214,2022-07-31,SOLAR,0,0,0,0,0,0,1,2,3,4,5,5,5,5,4,3,2,1,0,0,0,0,0,0,40,7
1215,2022-07-31,TERMICA,41,39,36,35,35,33,32,32,33,35,36,37,38,40,41,42,41,40,40,43,44,45,45,43,927,7
1216,2022-08-31,COGENERADOR,3,3,3,3,3,3,3,3,3,3,3,3,3,3,3,3,3,3,3,3,3,3,3,3,69,8
1217,2022-08-31,EOLICA,0,0,0,0,0,0,0,0,0,0,0,0,0,1,1,1,1,1,0,0,0,0,0,0,9,8
1218,2022-08-31,HIDRAULICA,207,200,194,192,196,207,211,223,236,243,253,259,257,257,259,259,256,252,267,274,266,252,233,218,5671,8
1219,2022-08-31,SOLAR,0,0,0,0,0,0,1,2,4,5,6,6,6,6,5,4,3,1,0,0,0,0,0,0,47,8
1220,2022-08-31,TERMICA,34,32,32,32,32,31,30,30,31,32,33,33,34,34,35,36,35,35,36,38,39,39,38,36,817,8
1221,2022-09-30,COGENERADOR,3,3,3,3,3,3,3,3,3,3,3,3,3,3,3,3,3,3,3,3,3,3,3,3,70,9
1222,2022-09-30,EOLICA,0,0,0,0,0,0,0,0,0,0,0,0,0,0,0,0,0,0,0,0,0,0,0,0,4,9
1223,2022-09-30,HIDRAULICA,199,192,188,186,191,201,204,215,228,236,244,250,248,247,249,248,246,244,261,262,256,244,226,211,5475,9
1224,2022-09-30,SOLAR,0,0,0,0,0,0,1,3,4,5,6,6,6,6,5,4,2,0,0,0,0,0,0,0,50,9
1225,2022-09-30,TERMICA,33,32,31,30,30,29,30,30,31,32,33,35,35,36,37,37,37,37,38,39,38,37,36,35,819,9
1226,2022-10-31,COGENERADOR,3,3,3,3,3,3,3,3,3,3,3,3,3,3,3,3,3,3,3,3,3,3,3,3,66,10
1227,2022-10-31,EOLICA,0,0,0,0,0,0,0,0,0,0,0,0,0,0,0,0,0,0,0,0,0,0,0,0,5,10
1228,2022-10-31,HIDRAULICA,216,209,205,203,206,214,218,230,242,250,257,264,261,260,261,260,260,262,277,275,269,258,241,226,5823,10
1229,2022-10-31,SOLAR,0,0,0,0,0,0,1,3,5,6,7,7,6,6,5,4,2,0,0,0,0,0,0,0,53,10
1230,2022-10-31,TERMICA,27,26,24,23,23,23,24,25,26,27,28,30,31,32,32,32,32,32,33,33,32,31,31,29,686,10
1231,2022-11-30,COGENERADOR,2,2,2,2,2,2,2,2,2,2,2,2,2,2,2,2,2,2,2,2,2,2,2,2,48,11
1232,2022-11-30,EOLICA,0,0,0,0,0,0,0,0,0,0,0,0,0,0,0,0,0,0,0,0,0,0,0,0,7,11
1233,2022-11-30,HIDRAULICA,206,200,196,194,198,206,211,222,234,241,249,257,254,254,256,255,253,256,271,268,260,247,230,215,5635,11
1234,2022-11-30,SOLAR,0,0,0,0,0,0,1,3,4,6,6,6,6,6,5,4,2,0,0,0,0,0,0,0,48,11
1235,2022-11-30,TERMICA,28,27,26,25,25,25,25,26,27,28,28,29,29,29,30,31,31,31,32,33,33,32,32,31,692,11
1236,2022-12-31,COGENERADOR,3,3,3,3,3,3,3,3,3,3,3,3,3,3,3,3,3,3,3,3,3,3,3,3,72,12
1237,2022-12-31,EOLICA,1,1,1,0,0,0,0,0,1,1,1,1,1,1,1,1,1,1,1,1,1,1,1,1,16,12
1238,2022-12-31,HIDRAULICA,204,196,191,189,192,196,199,212,224,233,242,249,248,247,248,248,246,246,265,263,255,244,229,214,5481,12
1239,2022-12-31,SOLAR,0,0,0,0,0,0,1,4,6,7,8,8,8,8,7,6,3,0,0,0,0,0,0,0,66,12
1240,2022-12-31,TERMICA,40,39,38,37,36,37,37,38,39,40,41,42,43,43,43,44,44,44,45,45,46,44,43,42,992,12
